AnimID	Name	AinmName	Layer	WrapMode	PlayMode	QueueMode	SPEED	TransitTime	LoopTime	LoopOverAnimId	IsCanBreak	StartEffect01	IsStartEffectAutoEnd01	StartEffect02	IsStartEffectAutoEnd02	StartEffect03	IsStartEffectAutoEnd03	StartEffect04	IsStartEffectAutoEnd04	StartEffect05	IsStartEffectAutoEnd05	EndEffect	IsCallEnd	NextAnimId	SoundID	SoundBreakKeep	DelayFrameSpeed	DelayFrameTime	DelaySpeedTime
INT	STRING	STRING	BYTE	BYTE	BYTE	BYTE	FLOAT	FLOAT	INT	int	BOOL	INT	BOOL	INT	BOOL	INT	BOOL	INT	BOOL	INT	BOOL	INT	BOOL	INT	SHORT	SHORT	FLOAT	FLOAT	FLOAT
#预留																													
#本行程序不读 动画ID	描述	动画名称	优先级	播放模式1(1一次 2循环)	播放模式2	播放模式3	速度	过渡时间	循环次数	循环结束动作	是否能被打断	起始特效01ID	起始特效01是否自动结束	起始特效02ID	起始特效02是否自动结束	起始特效03ID	起始特效03是否自动结束	起始特效04ID	起始特效04是否自动结束	起始特效05ID	起始特效05是否自动结束	结束特效ID	结束后是否回调	结束后的下一动作	动作音效	动作在被打断时是否保持音效	顿帧速度	顿帧开始时间	持续时间
0	站立	Stand	1	2	4	0	1	0.2	-1	-1	1	-1	0	-1	0	-1	0	-1	0	-1	0	-1	0	-1	-1	1	0	0	0
1	跑动	Run	1	2	4	0	1	0.3	-1	-1	1	-1	0	-1	0	-1	0	-1	0	-1	0	-1	0	-1	-1	1	0	0	0
2	少林普攻1	Attack_01	2	1	4	2	1	0.1	-1	-1	0	1	0	-1	0	-1	0	-1	0	-1	0	-1	1	3	57	1	0	0	0
3	少林普攻2	Attack_02	2	1	4	2	1	0.1	-1	-1	0	2	1	-1	0	-1	0	-1	0	-1	0	-1	1	4	58	1	0	0	0
4	少林普攻3	Attack_03	2	1	4	2	1	0.1	-1	-1	0	3	1	-1	0	-1	0	-1	0	-1	0	-1	1	-1	59	1	0	0	0
5	少林罗汉棍	Skill_Luohangun	2	1	4	2	1	0.2	-1	-1	0	4	1	-1	0	-1	0	-1	0	-1	0	-1	1	-1	70	1	0	0	0
6	少林摩诃无量	Skill_Mohewuliang	2	2	4	2	1	0.2	13	-1	0	5	0	-1	0	-1	0	-1	0	-1	0	-1	1	-1	67	1	0	0	0
7	少林XP起手	Skill_Xp_Loop	2	2	4	2	1	0.2	2	8	0	6	0	-1	0	-1	0	-1	0	-1	0	-1	1	-1	76	1	0	0	0
8	少林XP结束	Skill_Xp_End	2	1	4	2	1	0.2	-1	-1	0	7	1	-1	0	-1	0	-1	0	-1	0	-1	1	-1	80	1	0	0	0
9	怪物普攻	Attack	2	1	4	2	1	0.2	-1	-1	1	-1	0	-1	0	-1	0	-1	0	-1	0	-1	1	-1	241	1	0	0	0
10	受击	Hit	2	1	4	2	1	0	-1	-1	0	-1	0	-1	0	-1	0	-1	0	-1	0	-1	0	-1	-1	1	0	0	0
11	击倒	Knockback_01	2	1	4	2	1	0	-1	-1	0	-1	0	-1	0	-1	0	-1	0	-1	0	-1	0	-1	-1	1	0	0	0
12	击飞飞出	Knockback_02	2	1	4	2	1	0	-1	-1	0	-1	0	-1	0	-1	0	-1	0	-1	0	-1	1	250	-1	1	0	0	0
13	死亡	Die	2	1	4	2	1	0.2	-1	-1	0	-1	0	-1	0	-1	0	-1	0	-1	0	-1	1	53	-1	1	0	0	0
14	主角受击	Hit	2	1	4	2	1	0.2	-1	-1	1	-1	0	-1	0	-1	0	-1	0	-1	0	-1	0	-1	-1	1	0	0	0
15	骑摩托站立女	Bike_Stand	1	2	4	0	1	0.2	-1	-1	1	-1	0	-1	0	-1	0	-1	0	-1	0	-1	0	-1	-1	1	0	0	0
16	骑摩托跑动女	Bike_Run	1	2	4	0	1	0.1	-1	-1	1	-1	0	-1	0	-1	0	-1	0	-1	0	-1	0	-1	-1	1	0	0	0
17	逍遥普攻1	Attack_01	2	1	4	0	1	0.1	-1	-1	0	12	1	57	1	-1	0	-1	0	-1	0	-1	1	18	63	1	0	0	0
18	逍遥普攻2	Attack_02	2	1	4	0	1	0.1	-1	-1	0	13	1	58	1	-1	0	-1	0	-1	0	-1	1	19	64	1	0	0	0
19	逍遥普攻3	Attack_03	2	1	4	0	1	0.2	-1	-1	0	14	1	59	1	-1	0	-1	0	-1	0	-1	1	-1	65	1	0	0	0
20	北冥神功起始(废弃)	Skill_Beimingshengong_Start	2	1	4	0	1	0.1	-1	-1	0	-1	0	-1	0	-1	0	-1	0	-1	0	-1	1	22	71	1	0	0	0
21	北冥神功循环(废弃)	Skill_Beimingshengong_Loop	2	2	4	0	1	0.1	1	22	0	19	0	-1	0	-1	0	-1	0	-1	0	-1	1	-1	-1	1	0	0	0
22	北冥神功终止(废弃)	Skill_Beimingshengong_End	2	1	4	0	1	0.1	-1	-1	0	-1	0	-1	0	-1	0	-1	0	-1	0	-1	1	-1	-1	1	0	0	0
23	小无相功	Skill_Xiaowuxiang	2	1	4	0	1	0.2	-1	-1	0	17	1	-1	0	-1	0	-1	0	-1	0	-1	1	-1	82	1	0	0	0
24	毁天灭地起始	Skill_Xp_Huitianmiedi_Start	2	1	4	0	1	0.2	-1	-1	0	15	1	-1	0	-1	0	-1	0	-1	0	-1	1	26	77	1	0	0	0
25	毁天灭地循环（废弃）	Skill_Xp_Huitianmiedi_Loop	2	2	4	0	1	0.1	1	26	0	-1	0	-1	0	-1	0	-1	0	-1	0	-1	1	-1	-1	1	0	0	0
26	毁天灭地终止	Skill_Xp_Huitianmiedi_End	2	1	4	0	1	0.1	-1	-1	0	16	1	-1	0	-1	0	-1	0	-1	0	-1	1	-1	81	1	0	0	0
27	祝融掌起始	Skill_Zhurongzhang_Start	2	1	4	0	1	0.2	-1	-1	0	-1	0	-1	0	-1	0	-1	0	-1	0	-1	1	28	-1	1	0	0	0
28	祝融掌循环	Skill_Zhurongzhang_Loop	2	2	4	0	1	0.1	3	29	0	21	0	-1	0	-1	0	-1	0	-1	0	-1	1	-1	68	1	0	0	0
29	祝融掌停止	Skill_Zhurongzhang_End	2	1	4	0	1	0.1	-1	-1	0	-1	0	-1	0	-1	0	-1	0	-1	0	-1	1	-1	-1	1	0	0	0
30	寒冰掌	Skill_Hanbingjing	2	1	4	0	1	0.2	-1	-1	0	-1	0	-1	0	-1	0	-1	0	-1	0	-1	1	-1	-1	1	0	0	0
31	天山普攻1	Attack_01	2	1	4	0	1	0.1	-1	-1	0	22	1	-1	0	-1	0	-1	0	-1	0	-1	1	32	60	1	0	0	0
32	天山普攻2	Attack_02	2	1	4	0	1	0.1	-1	-1	0	23	1	-1	0	-1	0	-1	0	-1	0	-1	1	33	61	1	0	0	0
33	天山普攻3	Attack_03	2	1	4	0	1	0.1	-1	-1	0	24	1	-1	0	-1	0	-1	0	-1	0	-1	1	-1	62	1	0	0	0
34	八荒六合起手	Skill_Xp_Bahuangliuhe_Start	2	1	4	0	1	0.2	-1	-1	0	-1	0	-1	0	-1	0	-1	0	-1	0	-1	1	35	88	1	0	0	0
35	八荒六合循环	Skill_Xp_Bahuangliuhe_Loop	2	2	4	0	1	0.2	1	36	0	25	0	-1	0	-1	0	-1	0	-1	0	-1	1	-1	89	1	0	0	0
36	八荒六合结束	Skill_Xp_Bahuangliuhe_End	2	1	4	0	1	0.1	-1	-1	0	26	1	-1	0	-1	0	-1	0	-1	0	-1	1	-1	91	1	0	0	0
37	天山折梅手	Skill_Tianshanzhemeishou	2	1	4	0	1	0.1	-1	-1	0	27	1	-1	0	-1	0	-1	0	-1	0	-1	1	-1	73	1	0	0	0
38	移花接木	Skill_Yihuajiemu	2	1	4	0	1	0.1	-1	-1	0	30	1	-1	0	-1	0	-1	0	-1	0	-1	1	-1	83	1	0	0	0
39	天山六阳掌	Skill_Tianshanliuyangzhang	2	1	4	0	1	0.1	-1	-1	0	28	1	29	1	-1	0	-1	0	-1	0	-1	1	-1	66	1	0	0	0
40	大理普攻1	Attack_01	2	1	4	0	1	0.1	-1	-1	0	31	1	-1	0	-1	0	-1	0	-1	0	-1	1	41	54	1	0	0	0
41	大理普攻2	Attack_02	2	1	4	0	1	0.1	-1	-1	0	32	1	-1	0	-1	0	-1	0	-1	0	-1	1	42	55	1	0	0	0
42	大理普攻3	Attack_03	2	1	4	0	1	0.1	-1	-1	0	33	1	-1	0	-1	0	-1	0	-1	0	-1	1	-1	56	1	0	0	0
43	暴雨梨花起始	Skill_Xp_Loop	2	2	4	0	1	0.2	2	44	0	34	0	-1	0	-1	0	-1	0	-1	0	-1	1	-1	87	1	0	0	0
44	暴雨梨花终止	Skill_Xp_End	2	1	4	0	1	0.1	-1	-1	0	35	1	-1	0	-1	0	-1	0	-1	0	-1	1	-1	90	1	0	0	0
45	一阳指	Skill_Yiyangzhi	2	1	4	0	1	0.2	-1	-1	0	36	0	-1	0	-1	0	-1	0	-1	0	-1	1	-1	69	1	0	0	0
46	流星赶月	Skill_Liuxingganyue	2	1	4	0	1	0.2	-1	-1	0	38	0	-1	0	-1	0	-1	0	-1	0	-1	1	-1	102	1	0	0	0
47	六脉神剑开始	Skill_Liumaishenjian_Start	2	1	4	0	1	0.2	-1	-1	0	-1	0	-1	0	-1	0	-1	0	-1	0	-1	1	170	75	1	0	0	0
48	少林迦叶功	Skill_Jiayegong	2	1	4	0	1	0.2	-1	-1	0	39	1	40	1	-1	0	-1	0	-1	0	-1	1	-1	92	1	0	0	0
49	雁门关末尾剧情-乔峰1(废弃)	Skill_Xp_Loop	2	1	4	0	1	0.2	-1	-1	0	-1	0	-1	0	-1	0	-1	0	-1	0	-1	1	50	89	1	0	0	0
50	雁门关末尾剧情-乔峰2(废弃)	Skill_Yituiweijin	2	1	4	0	1	0.1	-1	-1	0	12	1	-1	0	-1	0	-1	0	-1	0	-1	1	54	60	1	0	0	0
51	少林冲锋动作	Dash	2	2	4	0	1	0	3	48	0	-1	0	-1	0	-1	0	-1	0	-1	0	-1	1	-1	93	1	0	0	0
52	天山冲锋动作	Dash	2	2	4	0	1	0	3	38	0	-1	0	-1	0	-1	0	-1	0	-1	0	-1	1	-1	-1	1	0	0	0
53	尸体	Dead	2	2	4	2	1	0.2	-1	-1	0	-1	0	-1	0	-1	0	-1	0	-1	0	-1	1	-1	-1	1	0	0	0
54	雁门关末尾剧情-乔峰3(废弃)	Skill_Liuxingganyue	2	1	4	0	1	0.1	-1	-1	0	13	1	-1	0	-1	0	-1	0	-1	0	-1	1	55	61	1	0	0	0
55	雁门关末尾剧情-乔峰4(废弃)	Skill_Xp_End	2	1	4	0	1	0.1	-1	-1	0	45	0	-1	-1	-1	0	-1	0	-1	0	-1	1	-1	80	1	0	0	0
56	雁门关末尾剧情-黑衣人1(废弃)	Skill_Xp_Loop	2	1	4	0	1	0.2	-1	-1	0	-1	0	-1	0	-1	0	-1	0	-1	0	-1	1	57	-1	1	0	0	0
57	雁门关末尾剧情-黑衣人2(废弃)	Skill_Liumaishenjian	2	1	4	0	1	0.1	-1	-1	0	12	1	-1	0	-1	0	-1	0	-1	0	-1	1	58	62	1	0	0	0
58	雁门关末尾剧情-黑衣人3(废弃)	Skill_Huadiweilao	2	1	4	0	1	0.2	-1	-1	0	14	1	-1	0	-1	0	-1	0	-1	0	-1	1	59	60	1	0	0	0
59	雁门关末尾剧情-黑衣人4(废弃)	Skill_Liumaishenjian	2	1	4	0	1	0.1	-1	-1	0	13	0	-1	0	-1	0	-1	0	-1	0	-1	1	-1	61	1	0	0	0
60	少林跳跃01	Jump_01	2	1	4	0	1	0.1	-1	-1	0	-1	0	-1	0	-1	0	-1	0	-1	0	-1	1	62	-1	1	0	0	0
61	少林跳跃01_循环	Jump_01_Loop	2	1	4	0	1	0.1	-1	-1	0	-1	0	-1	0	-1	0	-1	0	-1	0	-1	1	-1	-1	1	0	0	0
62	少林跳跃02	Jump_02	2	1	4	0	1	0.1	-1	-1	0	-1	0	-1	0	-1	0	-1	0	-1	0	-1	1	64	-1	1	0	0	0
63	少林跳跃02_循环	Jump_02_Loop	2	1	4	0	1	0.1	-1	-1	0	-1	0	-1	0	-1	0	-1	0	-1	0	-1	1	-1	-1	1	0	0	0
64	少林跳跃03	Jump_03	2	1	4	0	1	0.1	-1	-1	0	-1	0	-1	0	-1	0	-1	0	-1	0	-1	1	67	-1	1	0	0	0
65	少林跳跃03_循环	Jump_03_Loop	2	1	4	0	1	0.1	-1	-1	0	-1	0	-1	0	-1	0	-1	0	-1	0	-1	1	-1	-1	1	0	0	0
66	少林跳跃落地接跑步	Jump_End_Run	2	1	4	0	1	0.1	-1	-1	0	-1	0	-1	0	-1	0	-1	0	-1	0	-1	1	-1	-1	1	0	0	0
67	少林跳跃落地接站立	Jump_End_Stand	2	1	4	0	1	0.1	-1	-1	0	-1	0	-1	0	-1	0	-1	0	-1	0	-1	1	0	-1	1	0	0	0
68	少林跳跃左斜	Fastrun_Left	2	2	4	0	1	0.1	-1	-1	0	-1	0	-1	0	-1	0	-1	0	-1	0	-1	1	-1	-1	1	0	0	0
69	少林跳跃右斜	Fastrun_Right	2	2	4	0	1	0.1	-1	-1	0	-1	0	-1	0	-1	0	-1	0	-1	0	-1	1	-1	-1	1	0	0	0
70	少林韦陀杵	Skill_WeiTuoChu	2	1	4	2	1	0.2	-1	-1	0	74	1	-1	0	-1	0	-1	0	-1	0	-1	1	-1	74	1	0	0	0
71	少林狮吼功	Skill_ShiHouGong	2	1	4	2	1	0.2	-1	-1	0	75	1	-1	0	-1	0	-1	0	-1	0	-1	1	-1	95	1	0	0	0
72	少林金钟罩	Skill_Jinzhongzhao	2	1	4	2	1	0.2	-1	-1	0	76	1	-1	0	-1	0	-1	0	-1	0	-1	1	-1	99	1	0	0	0
73	天山生死符	Skill_Shengsifu	2	1	4	2	1	0.2	-1	-1	0	78	1	-1	0	-1	0	-1	0	-1	0	-1	1	-1	86	1	0	0	0
74	天山雪花六出	Skill_Xuehualiuchu	2	1	4	2	1	0.2	-1	-1	0	70	1	-1	0	-1	0	-1	0	-1	0	-1	1	-1	96	1	0	0	0
75	天山隐遁	Skill_Yingdun	2	1	4	2	1	0.2	-1	-1	0	79	1	-1	0	-1	0	-1	0	-1	0	-1	1	-1	101	1	0	0	0
76	大理画地为牢	Skill_Huadiweilao	2	1	4	2	1	0.2	-1	-1	0	83	1	-1	0	-1	0	-1	0	-1	0	-1	1	-1	98	1	0	0	0
77	大理无所遁形	Skill_Wusuodunxing	2	1	4	2	1	0.2	-1	-1	0	80	1	81	1	-1	0	-1	0	-1	0	-1	1	-1	72	1	0	0	0
78	大理以退为进	Skill_Yituiweijin	2	1	4	2	1	0.2	-1	-1	0	71	1	72	1	-1	0	-1	0	-1	0	-1	1	-1	97	1	0	0	0
79	逍遥寒霜怒血_起手	Skill_Hanshuangnuxue_Start	2	1	4	2	1	0.2	-1	-1	0	68	1	-1	0	-1	0	-1	0	-1	0	-1	1	83	84	1	0	0	0
80	逍遥寒冰镜	Skill_Hanbingjing	2	1	4	2	1	0.2	-1	-1	0	88	1	-1	0	-1	0	-1	0	-1	0	-1	1	-1	94	1	0	0	0
81	逍遥凌波微步_起手	Skill_lingboweibu_Start	2	1	4	2	1	0.2	-1	-1	0	84	0	-1	0	-1	0	-1	0	-1	0	-1	1	82	100	1	0	0	0
82	逍遥凌波微步_结束	Skill_lingboweibu_End	2	1	4	2	1	0.2	-1	-1	0	85	1	-1	0	-1	0	-1	0	-1	0	-1	1	-1	-1	1	0	0	0
83	逍遥寒霜怒血_循环	Skill_Hanshuangnuxue_Loop	2	2	4	2	1	0.1	5	84	0	69	0	-1	0	-1	0	-1	0	-1	0	-1	1	-1	85	1	0	0	0
84	逍遥寒霜怒血_结束	Skill_Hanshuangnuxue_End	2	1	4	2	1	0.1	-1	-1	0	-1	0	-1	0	-1	0	-1	0	-1	0	-1	1	-1	-1	1	0	0	0
85	雁门关末尾剧情-黑衣人瘦	Yanmenguan_Fight	2	1	4	0	1	0.2	-1	-1	0	129	1	-1	0	-1	0	-1	0	-1	0	-1	1	-1	-1	1	0	0	0
86	雁门关末尾剧情-黑衣人胖	Yanmenguan_Fight	2	1	4	0	1	0.2	-1	-1	0	127	1	128	1	-1	0	-1	0	-1	0	-1	1	-1	-1	1	0	0	0
87	怪物普攻-豪华版	Attack	2	1	4	2	1	0.2	-1	-1	1	138	1	-1	0	-1	0	-1	0	-1	0	-1	1	-1	-1	1	0	0	0
88	怪物普攻	Attack	2	1	4	2	1	0.2	-1	-1	1	67	1	-1	0	-1	0	-1	0	-1	0	-1	1	-1	-1	1	0	0	0
89	boss技能降龙十八掌	Attack	2	1	4	2	1	0.2	-1	-1	1	124	1	-1	0	-1	0	-1	0	-1	0	-1	1	-1	-1	1	0	0	0
90	boss技能奉天承运	Attack	2	1	4	2	1	0.2	-1	-1	1	125	1	-1	0	-1	0	-1	0	-1	0	-1	1	-1	-1	1	0	0	0
91	boss技能小人之心	Attack	2	1	4	2	1	0.2	-1	-1	1	126	1	-1	0	-1	0	-1	0	-1	0	-1	1	-1	-1	1	0	0	0
92	逍遥寒霜怒血_起手6级	Skill_Hanshuangnuxue_Start	2	1	4	2	1	0.2	-1	-1	0	68	1	-1	0	-1	0	-1	0	-1	0	-1	1	93	84	1	0	0	0
93	逍遥寒霜怒血_循环6级	Skill_Hanshuangnuxue_Loop	2	2	4	2	1	0.1	6	84	0	69	0	-1	0	-1	0	-1	0	-1	0	-1	1	-1	85	1	0	0	0
94	逍遥寒霜怒血_起手7级	Skill_Hanshuangnuxue_Start	2	1	4	2	1	0.2	-1	-1	0	68	1	-1	0	-1	0	-1	0	-1	0	-1	1	95	84	1	0	0	0
95	逍遥寒霜怒血_循环7级	Skill_Hanshuangnuxue_Loop	2	2	4	2	1	0.1	7	84	0	69	0	-1	0	-1	0	-1	0	-1	0	-1	1	-1	85	1	0	0	0
96	逍遥寒霜怒血_起手8级	Skill_Hanshuangnuxue_Start	2	1	4	2	1	0.2	-1	-1	0	68	1	-1	0	-1	0	-1	0	-1	0	-1	1	97	84	1	0	0	0
97	逍遥寒霜怒血_循环8级	Skill_Hanshuangnuxue_Loop	2	2	4	2	1	0.1	8	84	0	69	0	-1	0	-1	0	-1	0	-1	0	-1	1	-1	85	1	0	0	0
98	逍遥寒霜怒血_起手9级	Skill_Hanshuangnuxue_Start	2	1	4	2	1	0.2	-1	-1	0	68	1	-1	0	-1	0	-1	0	-1	0	-1	1	99	84	1	0	0	0
99	逍遥寒霜怒血_循环9级	Skill_Hanshuangnuxue_Loop	2	2	1	2	1	0.1	9	84	0	69	0	-1	0	-1	0	-1	0	-1	0	-1	1	-1	85	1	0	0	0
100	逍遥寒霜怒血_起手10级	Skill_Hanshuangnuxue_Start	2	1	4	2	1	0.2	-1	-1	0	68	1	-1	0	-1	0	-1	0	-1	0	-1	1	101	84	1	0	0	0
101	逍遥寒霜怒血_循环10级	Skill_Hanshuangnuxue_Loop	2	2	4	2	1	0.1	10	84	0	69	0	-1	0	-1	0	-1	0	-1	0	-1	1	-1	85	1	0	0	0
102	战斗站立	Attack_Stand	1	2	4	0	1	0.3	-1	-1	1	-1	0	-1	0	-1	0	-1	0	-1	0	-1	0	-1	-1	1	0	0	0
103	聚贤庄BOSS2技能-盾击	Skill_Dunji	2	1	4	2	1	0.2	-1	-1	1	140	1	-1	0	-1	0	-1	0	-1	0	-1	1	-1	-1	1	0	0	0
104	聚贤庄BOSS2技能-盾旋	Skill_Dunxuan	2	1	4	2	1	0.2	-1	-1	1	141	1	-1	0	-1	0	-1	0	-1	0	-1	1	-1	-1	1	0	0	0
105	击退动作	Hit	2	1	4	2	1	0	-1	-1	0	-1	0	-1	0	-1	0	-1	0	-1	0	-1	0	-1	-1	1	0	0	0
106	少室山丁春秋-三笑逍遥	Skill_Sanxiaoxiaoyao	2	1	4	2	1	0.1	-1	-1	0	155	0	-1	0	-1	0	-1	0	-1	0	-1	0	-1	-1	1	0	0	0
107	少室山丁春秋-腐尸无边	Skill_Fushiwubian	2	1	4	2	1	0.2	-1	-1	0	157	0	-1	0	-1	0	-1	0	-1	0	-1	0	-1	-1	1	0	0	0
108	少室山萧远山-大海无量	Skill_Dahaiwuliang	2	1	4	2	1	0.1	-1	-1	0	192	1	-1	0	-1	0	-1	0	-1	0	-1	0	-1	-1	1	0	0	0
109	少室山萧远山-袈裟伏魔	Skill_Jiashafumo	2	1	4	2	1	0.1	-1	-1	0	189	0	-1	0	-1	0	-1	0	-1	0	-1	0	-1	-1	1	0	0	0
110	聚贤庄-金刚盾伤害	Attack	2	1	4	2	1	0.2	-1	-1	1	153	1	-1	0	-1	0	-1	0	-1	0	-1	1	-1	-1	1	0	0	0
111	少室山游坦之-易筋经	Skill_Diwangzhixiang	2	1	4	2	1	0.1	-1	-1	0	-1	0	-1	0	-1	0	-1	0	-1	0	-1	0	-1	-1	1	0	0	0
112	少室山鸠摩智-血祭	Skill_Huangtianhoutu	2	1	4	2	1	0.2	-1	-1	0	159	0	-1	0	-1	0	-1	0	-1	0	-1	0	-1	-1	1	0	0	0
113	少室山鸠摩智-小无相功	Skill_Fengtianchengyun	2	1	4	2	1	0.2	-1	-1	0	161	0	-1	0	-1	0	-1	0	-1	0	-1	0	-1	-1	1	0	0	0
114	少室山慕容博-以彼之道还施彼身	Skill_Douzhuanxingyi	2	1	4	2	1	0.2	-1	-1	0	162	0	-1	0	-1	0	-1	0	-1	0	-1	0	-1	-1	1	0	0	0
115	少室山慕容博-复国大业	Skill_Quanqingtianxia	2	1	4	2	1	0.1	-1	-1	0	164	0	-1	0	-1	0	-1	0	-1	0	-1	0	-1	-1	1	0	0	0
116	燕子坞慕容复-移花接木	Skill_Fengtianchengyun	2	1	4	2	1	0.2	-1	-1	0	161	1	-1	0	-1	0	-1	0	-1	0	-1	0	-1	-1	1	0	0	0
117	燕子坞邓百川-石破惊天	Skill_Diwangzhixiang	2	1	4	2	1	0.1	-1	-1	0	178	1	-1	0	-1	0	-1	0	-1	0	-1	0	-1	-1	1	0	0	0
118	燕子坞公冶乾-迷踪步	Skill_Huangtianhoutu	2	1	4	2	1	0.2	-1	-1	0	206	1	-1	0	-1	0	-1	0	-1	0	-1	0	-1	-1	1	0	0	0
119	燕子坞公冶乾-排山倒海	Skill_Dahaiwuliang	2	1	4	2	1	0.1	-1	-1	0	165	1	-1	0	-1	0	-1	0	-1	0	-1	0	-1	-1	1	0	0	0
120	燕子坞风波恶-吕洞宾咬狗	Skill_Quanqingtianxia	2	1	4	2	1	0.1	-1	-1	0	164	1	-1	0	-1	0	-1	0	-1	0	-1	0	-1	-1	1	0	0	0
121	燕子坞包不同-影乱	Skill_Dunji	2	1	4	2	1	0.2	-1	-1	1	140	1	-1	0	-1	0	-1	0	-1	0	-1	1	-1	-1	1	0	0	0
122	燕王古墓BOSS1-帝王之相	Skill_Diwangzhixiang	2	1	4	2	1	0.1	-1	-1	0	178	1	-1	0	-1	0	-1	0	-1	0	-1	0	-1	-1	1	0	0	0
123	燕王古墓BOSS2-权倾天下	Skill_Quanqingtianxia	2	1	4	2	1	0.1	-1	-1	0	179	1	-1	0	-1	0	-1	0	-1	0	-1	0	-1	-1	1	0	0	0
124	燕王古墓BOSS3-皇天厚土	Skill_Huangtianhoutu	2	1	4	2	1	0.1	-1	-1	0	180	1	-1	0	-1	0	-1	0	-1	0	-1	0	-1	-1	1	0	0	0
125	燕王古墓BOSS4-奉天承运	Skill_Fengtianchengyun	2	1	4	2	1	0.1	-1	-1	0	181	1	-1	0	-1	0	-1	0	-1	0	-1	0	-1	-1	1	0	0	0
126	燕王古墓BOSS5-斗转星移	Skill_Douzhuanxingyi	2	1	4	2	1	0.1	-1	-1	0	182	1	-1	0	-1	0	-1	0	-1	0	-1	0	-1	-1	1	0	0	0
127	世界BOSS-生死符	Skill_Shengsifu	2	1	4	2	1	0.1	-1	-1	0	185	1	-1	0	-1	0	-1	0	-1	0	-1	0	-1	-1	1	0	0	0
128	世界BOSS-八荒六合	Skill_Bahuangliuhe	2	1	4	2	1	0.1	-1	-1	0	186	1	-1	0	-1	0	-1	0	-1	0	-1	0	-1	-1	1	0	0	0
129	结婚	Marry	2	1	4	2	1	0.1	-1	-1	0	-1	1	-1	0	-1	0	-1	0	-1	0	-1	0	-1	-1	1	0	0	0
130	北冥神功	Skill_Beimingshengong	2	1	4	0	1	0.1	-1	-1	0	19	1	-1	0	-1	0	-1	0	-1	0	-1	1	-1	71	1	0	0	0
131	聚贤庄BOSS马夫人-千娇百媚	Skill_Qianjiaobaimei	2	1	4	2	1	0.1	-1	-1	0	198	1	-1	0	-1	0	-1	0	-1	0	-1	0	-1	-1	1	0	0	0
132	聚贤庄BOSS马夫人-蛇蝎心肠	Skill_Shechangxiexin	2	1	4	2	1	0.1	-1	-1	0	196	1	-1	0	-1	0	-1	0	-1	0	-1	0	-1	-1	1	0	0	0
133	聚贤庄BOSS玄难-袖里乾坤	Skill_Xiuliqiankun	2	1	4	2	1	0.1	-1	-1	0	199	1	-1	0	-1	0	-1	0	-1	0	-1	0	-1	-1	1	0	0	0
134	聚贤庄BOSS玄难-天竺佛指	Skill_Tianzhufozhi	2	1	4	2	1	0.1	-1	-1	0	200	1	-1	0	-1	0	-1	0	-1	0	-1	0	-1	-1	1	0	0	0
135	聚贤庄BOSS向望海-挑拨离间	Skill_Diwangzhixiang	2	1	4	2	1	0.1	-1	-1	0	204	1	-1	0	-1	0	-1	0	-1	0	-1	0	-1	-1	1	0	0	0
136	聚贤庄BOSS向望海-小人之心	Skill_Fengtianchengyun	2	1	4	2	1	0.1	-1	-1	0	126	1	-1	0	-1	0	-1	0	-1	0	-1	0	-1	-1	1	0	0	0
137	聚贤庄BOSS白世镜-缠丝擒拿手	Skill_Zhansiqingnashou	2	1	4	2	1	0.1	-1	-1	0	201	1	-1	0	-1	0	-1	0	-1	0	-1	0	-1	-1	1	0	0	0
138	聚贤庄BOSS白世镜-降龙十八掌	Skill_Dahaiwuliang	2	1	4	2	1	0.1	-1	-1	0	124	1	203	1	-1	0	-1	0	-1	0	-1	0	-1	-1	1	0	0	0
139	雁门关BOSS	Skill_Douzhuanxingyi_1	2	1	4	2	1	0.1	-1	-1	0	210	1	211	1	-1	0	-1	0	-1	0	-1	0	-1	140	1	0	0	0
140	雁门关BOSS-普攻	Attack	2	1	4	2	1	0.2	-1	-1	0	215	1	-1	0	-1	0	-1	0	-1	0	-1	1	-1	139	1	0	0	0
141	动物型伙伴普攻（物攻）	Attack	2	1	4	2	1	0.2	-1	-1	1	216	1	-1	0	-1	0	-1	0	-1	0	-1	1	-1	-1	1	0	0	0
142	动物型伙伴普攻（法攻）	Attack	2	1	4	2	1	0.2	-1	-1	1	216	1	-1	0	-1	0	-1	0	-1	0	-1	1	-1	-1	1	0	0	0
143	人型伙伴普攻（物攻）	Attack	2	1	4	2	1	0.2	-1	-1	1	217	1	-1	0	-1	0	-1	0	-1	0	-1	1	-1	-1	1	0	0	0
144	人型伙伴普攻（法攻）	Attack	2	1	4	2	1	0.2	-1	-1	1	218	1	-1	0	-1	0	-1	0	-1	0	-1	1	-1	-1	1	0	0	0
145	后-结婚站立-少林	Ride_Back_Stand	2	1	4	2	1	0.2	-1	-1	0	-1	1	-1	0	-1	0	-1	0	-1	0	-1	1	-1	-1	1	0	0	0
146	后-结婚跑动-少林	Ride_Back_Run	2	1	4	2	1	0	-1	-1	0	-1	1	-1	0	-1	0	-1	0	-1	0	-1	1	-1	-1	1	0	0	0
147	后-结婚站立-天山	Ride_Back_Stand	2	1	4	2	1	0.2	-1	-1	0	-1	1	-1	0	-1	0	-1	0	-1	0	-1	1	-1	-1	1	0	0	0
148	后-结婚跑动-天山	Ride_Back_Run	2	1	4	2	1	0	-1	-1	0	-1	1	-1	0	-1	0	-1	0	-1	0	-1	1	-1	-1	1	0	0	0
149	后-结婚站立-逍遥	Ride_Back_Stand	2	1	4	2	1	0.2	-1	-1	0	-1	1	-1	0	-1	0	-1	0	-1	0	-1	1	-1	-1	1	0	0	0
150	后-结婚跑动-逍遥	Ride_Back_Run	2	1	4	2	1	0	-1	-1	0	-1	1	-1	0	-1	0	-1	0	-1	0	-1	1	-1	-1	1	0	0	0
151	后-结婚站立-大理	Ride_Back_Stand	2	1	4	2	1	0.2	-1	-1	0	-1	1	-1	0	-1	0	-1	0	-1	0	-1	1	-1	-1	1	0	0	0
152	后-结婚跑动-大理	Ride_Back_Run	2	1	4	2	1	0	-1	-1	0	-1	1	-1	0	-1	0	-1	0	-1	0	-1	1	-1	-1	1	0	0	0
153	结婚站立-少林	Ride_Stand	2	1	4	2	1	0.2	-1	-1	0	-1	1	-1	0	-1	0	-1	0	-1	0	-1	1	-1	-1	1	0	0	0
154	结婚跑动-少林	Ride_Run	2	1	4	2	1	0	-1	-1	0	-1	1	-1	0	-1	0	-1	0	-1	0	-1	1	-1	-1	1	0	0	0
155	结婚站立-天山	Ride_Stand	2	1	4	2	1	0.2	-1	-1	0	-1	1	-1	0	-1	0	-1	0	-1	0	-1	1	-1	-1	1	0	0	0
156	结婚跑动-天山	Ride_Run	2	1	4	2	1	0	-1	-1	0	-1	1	-1	0	-1	0	-1	0	-1	0	-1	1	-1	-1	1	0	0	0
157	结婚站立-逍遥	Ride_Stand	2	1	4	2	1	0.2	-1	-1	0	-1	1	-1	0	-1	0	-1	0	-1	0	-1	1	-1	-1	1	0	0	0
158	结婚跑动-逍遥	Ride_Run	2	1	4	2	1	0	-1	-1	0	-1	1	-1	0	-1	0	-1	0	-1	0	-1	1	-1	-1	1	0	0	0
159	结婚站立-大理	Ride_Stand	2	1	4	2	1	0.2	-1	-1	0	-1	1	-1	0	-1	0	-1	0	-1	0	-1	1	-1	-1	1	0	0	0
160	结婚跑动-大理	Ride_Run	2	1	4	2	1	0	-1	-1	0	-1	1	-1	0	-1	0	-1	0	-1	0	-1	1	-1	-1	1	0	0	0
161	珍珑棋局-段延庆-段家剑	Skill01	2	1	4	2	1	0	-1	-1	0	227	1	-1	0	-1	0	-1	0	-1	0	-1	1	-1	-1	1	0	0	0
162	珍珑棋局-苏星河-天鉴神功	Skill01	2	1	4	2	1	0	-1	-1	0	228	1	-1	0	-1	0	-1	0	-1	0	-1	1	-1	-1	1	0	0	0
163	珍珑棋局-远古棋魂-落雷	Skill01	2	1	4	2	1	0	-1	-1	0	229	1	-1	0	-1	0	-1	0	-1	0	-1	1	-1	-1	1	0	0	0
164	藏经阁BOSS泰山压顶	Attack	2	1	4	2	1	0.2	-1	-1	0	237	1	-1	0	-1	0	-1	0	-1	0	-1	1	-1	-1	1	0	0	0
165	轻功技能动作1	Qinggong_01	2	1	4	2	1	0.2	-1	-1	0	-1	1	-1	0	-1	0	-1	0	-1	0	-1	1	169	-1	1	0	0	0
166	轻功技能动作2	Qinggong_02	2	1	4	2	1	0.2	-1	-1	0	-1	1	-1	0	-1	0	-1	0	-1	0	-1	1	169	-1	1	0	0	0
167	轻功技能动作3	Qinggong_03	2	1	4	2	1	0.2	-1	-1	0	-1	1	-1	0	-1	0	-1	0	-1	0	-1	1	169	-1	1	0	0	0
168	轻功技能结束	Qinggong_End	2	1	4	2	1	0	-1	-1	0	-1	1	-1	0	-1	0	-1	0	-1	0	-1	0	-1	-1	1	0	0	0
169	轻功技能循环	Qinggong_Loop	2	2	4	2	1	0	5	-1	0	-1	1	-1	0	-1	0	-1	0	-1	0	-1	1	-1	-1	1	0	0	0
170	六脉神剑循环	Skill_Liumaishenjian_Loop	2	2	4	0	1	0	3	171	0	73	0	-1	0	-1	0	-1	0	-1	0	-1	1	-1	-1	1	0	0	0
171	六脉神剑结束	Skill_Liumaishenjian_End	2	1	4	0	1	0	-1	-1	0	-1	0	-1	0	-1	0	-1	0	-1	0	-1	1	-1	-1	1	0	0	0
172	年兽-洋洋得意	Skill_01	2	1	4	2	1	0.1	-1	-1	0	-1	0	-1	0	-1	0	-1	0	-1	0	-1	0	-1	-1	1	0	0	0
173	四大恶人云中鹤-鹤蛇八打	Skill_Heshebada	2	1	4	2	1	0.1	-1	-1	0	268	1	-1	0	-1	0	-1	0	-1	0	-1	0	-1	-1	1	0	0	0
174	四大恶人云中鹤-影踪步	Skill_Huadiweilao	2	2	4	2	1	0.1	1	-1	0	269	1	-1	0	-1	0	-1	0	-1	0	-1	0	-1	-1	1	0	0	0
175	四大恶人岳老三-鳄嘴剪	Skill_Ezuijian	2	1	4	2	1	0.1	-1	-1	0	271	1	-1	0	-1	0	-1	0	-1	0	-1	0	-1	-1	1	0	0	0
176	四大恶人岳老三-鳄神斩	Skill_Eshenzhan	2	2	4	2	1	0.2	8	-1	0	272	0	-1	0	-1	0	-1	0	-1	0	-1	1	-1	-1	1	0	0	0
177	四大恶人叶二娘-柳叶刀法	Skill_Liuyedaofa	2	1	4	2	1	0.1	-1	-1	0	273	1	-1	0	-1	0	-1	0	-1	0	-1	0	-1	-1	1	0	0	0
178	四大恶人叶二娘-忆子成痴起手	Skill_Yizichengchi_Start	2	1	4	2	1	0.1	-1	-1	0	-1	1	-1	0	-1	0	-1	0	-1	0	-1	1	179	-1	1	0	0	0
179	四大恶人叶二娘-忆子成痴循环	Skill_Yizichengchi_loop	2	2	4	2	1	0.1	7	180	0	274	0	-1	0	-1	0	-1	0	-1	0	-1	1	-1	-1	1	0	0	0
180	四大恶人叶二娘-忆子成痴结束	Skill_Yizichengchi_End	2	1	4	2	1	0.1	-1	-1	0	-1	1	-1	0	-1	0	-1	0	-1	0	-1	0	-1	-1	1	0	0	0
181	四大恶人段延庆-一阳指法	Attack_01	2	1	4	2	1	0.1	-1	-1	0	275	1	-1	0	-1	0	-1	0	-1	0	-1	0	-1	-1	1	0	0	0
182	四大恶人段延庆-地形剑法	Skill_Dixingjianfa	2	1	4	2	1	0.1	-1	-1	0	278	1	-1	0	-1	0	-1	0	-1	0	-1	0	-1	-1	1	0	0	0
183	萧峰伙伴-降龙十八掌	Skill_Xianglong	2	1	4	2	1	0.2	-1	-1	1	263	1	264	1	-1	0	-1	0	-1	0	-1	1	-1	-1	1	0	0	0
184	段誉伙伴-六脉神剑	Skill_liumaishenjian	2	1	4	2	1	0.2	-1	-1	1	265	1	-1	0	-1	0	-1	0	-1	0	-1	1	-1	-1	1	0	0	0
185	虚竹伙伴-北冥神功	Skill_Beimingshengong	2	1	4	2	1	0.2	-1	-1	1	266	1	267	1	-1	0	-1	0	-1	0	-1	1	-1	-1	1	0	0	0
186	天龙伙伴普攻	Attack	2	1	4	2	1	0.2	-1	-1	1	279	0	-1	0	-1	0	-1	0	-1	0	-1	1	-1	-1	1	0	0	0
187	丐帮普攻1	Attack_01	2	1	4	2	1	0.1	-1	-1	0	282	0	-1	0	-1	0	-1	0	-1	0	-1	1	188	154	1	0	0	0
188	丐帮普攻2	Attack_02	2	1	4	2	1	0.1	-1	-1	0	283	1	-1	0	-1	0	-1	0	-1	0	-1	1	189	155	1	0	0	0
189	丐帮普攻3	Attack_03	2	1	4	2	1	0.1	-1	-1	0	284	1	-1	0	-1	0	-1	0	-1	0	-1	1	-1	156	1	0	0	0
190	丐帮XP起手	Skill_Xp_Tianxiawugou_Start	2	1	4	2	1	0.2	-1	-1	0	285	0	-1	0	-1	0	-1	0	-1	0	-1	1	191	157	1	0	0	0
191	丐帮XP循环	Skill_Xp_Tianxiawugou_Loop	2	2	4	2	1	0.2	2	192	0	286	0	-1	0	-1	0	-1	0	-1	0	-1	1	-1	-1	1	0	0	0
192	丐帮XP结束	Skill_Xp_Tianxiawugou_End	2	1	4	2	1	0.2	-1	-1	0	287	1	-1	0	-1	0	-1	0	-1	0	-1	1	-1	158	1	0	0	0
193	神龙摆尾	Skill_Feilongzaitian	2	1	4	2	1	0.2	-1	-1	0	292	1	-1	0	-1	0	-1	0	-1	0	-1	1	-1	159	1	0	0	0
194	天下无狗循环	Skill_Shenlongbaiwei_Loop	2	2	4	0	1	0.1	4	195	0	293	1	350	1	-1	0	-1	0	-1	0	-1	1	-1	160	1	0	0	0
195	天下无狗停止	Skill_Shenlongbaiwei_End	2	1	4	0	1	0.1	-1	-1	0	294	1	350	1	-1	0	-1	0	-1	0	-1	1	-1	161	1	0	0	0
196	醉饮江湖	Skill_Zuiyinjianghu	2	1	4	0	1	0.2	-1	-1	0	295	1	-1	0	-1	0	-1	0	-1	0	-1	1	-1	162	1	0	0	0
197	擒龙控鹤	Skill_Qinlongkonghe	2	1	4	0	1	0.2	-1	-1	0	297	1	-1	0	-1	0	-1	0	-1	0	-1	1	-1	163	1	0	0	0
198	密云不雨	Skill_Miyunbuyu	2	1	4	2	1	0.2	-1	-1	0	299	1	-1	0	-1	0	-1	0	-1	0	-1	1	-1	164	1	0	0	0
199	亢龙有悔	Skill_Kanglongyouhui_Loop	2	2	4	2	1	0.2	6	200	0	301	1	351	1	-1	0	-1	0	-1	0	-1	1	-1	165	1	0	0	0
200	亢龙有悔	Skill_Kanglongyouhui_End	2	1	4	2	1	0.2	-1	-1	0	302	1	348	1	351	1	-1	0	-1	0	-1	1	-1	166	1	0	0	0
201	宋长老-范围治疗技能	Songzhanglao_Skill	2	1	4	2	1	0.1	-1	-1	0	309	1	-1	0	-1	0	-1	0	-1	0	-1	1	-1	-1	1	0	0	0
202	契丹先锋-技能	Qidanxianfeng_Skill	2	1	4	2	1	0.1	-1	-1	0	311	1	-1	0	-1	0	-1	0	-1	0	-1	1	-1	-1	1	0	0	0
203	契丹兵-技能	Qidanbing_Skill	2	1	4	2	1	0.1	-1	-1	0	312	1	-1	0	-1	0	-1	0	-1	0	-1	1	-1	-1	1	0	0	0
204	契丹戍卫-技能	Qidanshuwei_Skill	2	1	4	2	1	0.1	-1	-1	0	314	1	-1	0	-1	0	-1	0	-1	0	-1	1	-1	-1	1	0	0	0
205	契丹女兵-技能	Qidannvbing_Skill	2	1	4	2	1	0.1	-1	-1	0	315	1	-1	0	-1	0	-1	0	-1	0	-1	1	-1	-1	1	0	0	0
206	契丹精英-技能	Qidanjingying_Skill	2	1	4	2	1	0.1	-1	-1	0	317	1	-1	0	-1	0	-1	0	-1	0	-1	1	-1	-1	1	0	0	0
207	契丹精锐-技能	Qidanjingrui_Skill	2	1	4	2	1	0.1	-1	-1	0	318	1	-1	0	-1	0	-1	0	-1	0	-1	1	-1	-1	1	0	0	0
208	契丹将军-一鼓作气	Skill_Yiguzuoqi	2	1	4	2	1	0.1	-1	-1	0	320	1	-1	0	-1	0	-1	0	-1	0	-1	1	-1	-1	1	0	0	0
209	契丹将军-横扫千军	Skill_Hengsaoqianjun	2	1	4	2	1	0.1	-1	-1	0	322	1	-1	0	-1	0	-1	0	-1	0	-1	1	-1	-1	1	0	0	0
210	契丹将军-勇往直前	Skill_Yongwangzhiqian	2	1	4	2	1	0.1	-1	-1	0	344	1	-1	0	-1	0	-1	0	-1	0	-1	1	-1	-1	1	0	0	0
211	契丹副将-顺劈斩	Skill_Shunpizhan	2	1	4	2	1	0.1	-1	-1	0	329	1	-1	0	-1	0	-1	0	-1	0	-1	1	-1	-1	1	0	0	0
212	契丹女将-风速斩	Skill_Fengsuzhan	2	2	4	2	1	0.1	7	-1	0	324	1	-1	0	-1	0	-1	0	-1	0	-1	1	-1	-1	1	0	0	0
213	契丹女将-刀光斩	Skill_Daoguangzhan	2	1	4	2	1	0.1	-1	-1	0	325	1	-1	0	-1	0	-1	0	-1	0	-1	1	-1	-1	1	0	0	0
214	契丹女将-杀戮攻击	Skill_Shalugongji	2	1	4	2	1	0.1	-1	-1	0	341	1	-1	0	-1	0	-1	0	-1	0	-1	1	-1	-1	1	0	0	0
215	契丹女将-狂怒	Skill_Fuqitongxin	2	1	4	2	1	0.1	-1	-1	0	328	1	-1	0	-1	0	-1	0	-1	0	-1	1	-1	-1	1	0	0	0
216	契丹女副将-重刺	Skill_Zhongci	2	1	4	2	1	0.1	-1	-1	0	331	1	-1	0	-1	0	-1	0	-1	0	-1	1	-1	-1	1	0	0	0
217	契丹女副将-杀戮标记	Skill_Shalubiaoji	2	1	4	2	1	0.1	-1	-1	0	332	1	-1	0	-1	0	-1	0	-1	0	-1	1	-1	-1	1	0	0	0
218	南院大王-狮子吼	Skill_Shizihou	2	1	4	2	1	0.1	-1	-1	0	326	1	-1	0	-1	0	-1	0	-1	0	-1	1	-1	-1	1	0	0	0
219	南院大王-碎石拳	Skill_Suishiquan	2	1	4	2	1	0.1	-1	-1	0	327	1	-1	0	-1	0	-1	0	-1	0	-1	1	-1	-1	1	0	0	0
220	南院大王-狮子吼2	Skill_Shizihou	2	1	4	2	1	0.1	-1	-1	0	326	1	-1	0	-1	0	-1	0	-1	0	-1	1	-1	-1	1	0	0	0
221	南院大王-谁能挡我	Skill_Shuinengdangwo	2	1	4	2	1	0.1	-1	-1	0	328	1	-1	0	-1	0	-1	0	-1	0	-1	1	-1	-1	1	0	0	0
222	契丹王妃-红颜祸水	Skill_Hongyanhuoshui	2	1	4	2	1	0.1	-1	-1	0	334	1	-1	0	-1	0	-1	0	-1	0	-1	1	-1	-1	1	0	0	0
223	契丹王妃-夫妻同心	Skill_Fuqitongxin	2	1	4	2	1	0.1	-1	-1	0	336	1	-1	0	-1	0	-1	0	-1	0	-1	1	-1	-1	1	0	0	0
224	后-结婚站立	Ride_Back_Stand	2	1	4	2	1	0.2	-1	-1	0	-1	1	-1	0	-1	0	-1	0	-1	0	-1	1	-1	-1	1	0	0	0
225	后-结婚跑动	Ride_Back_Run	2	1	4	2	1	0	-1	-1	0	-1	1	-1	0	-1	0	-1	0	-1	0	-1	1	-1	-1	1	0	0	0
226	结婚站立	Ride_Stand	2	1	4	2	1	0.2	-1	-1	0	-1	1	-1	0	-1	0	-1	0	-1	0	-1	1	-1	-1	1	0	0	0
227	结婚跑动	Ride_Run	2	1	4	2	1	0	-1	-1	0	-1	1	-1	0	-1	0	-1	0	-1	0	-1	1	-1	-1	1	0	0	0
228	双剑-十字斩动作1	Skill01_01	2	1	4	2	1	0.1	-1	-1	0	354	1	-1	0	-1	0	-1	0	-1	0	-1	1	-1	173	1	0	0	0
229	双剑-死亡风暴动作	Skill02	2	1	4	2	1	0.1	-1	-1	0	352	1	-1	0	-1	0	-1	0	-1	0	-1	1	-1	176	1	0	0	0
230	双剑-突刺动作1	Skill03	2	1	4	2	1	0.1	-1	-1	0	356	1	-1	0	-1	0	-1	0	-1	0	-1	1	-1	174	1	0	0	0
231	双剑-普攻1	Attack01_01	2	1	4	2	1	0.1	-1	-1	0	370	1	-1	0	-1	0	-1	0	-1	0	-1	1	-1	182	1	0	0	0
232	双剑-普攻2	Attack01_02	2	1	4	2	1	0.1	-1	-1	0	371	1	-1	0	-1	0	-1	0	-1	0	-1	1	-1	184	1	0	0	0
233	双剑-普攻3	Attack01_03	2	1	4	2	1	0.1	-1	-1	0	372	1	-1	0	-1	0	-1	0	-1	0	-1	1	-1	183	1	0	0	0
234	双剑-普攻4	Attack01_04	2	1	4	2	1	0.1	-1	-1	0	373	1	-1	0	-1	0	-1	0	-1	0	-1	1	-1	175	1	0	0	0
235	双剑-3阶变身	Bianshen_3B	2	1	4	2	1	0.1	-1	-1	0	353	1	-1	0	-1	0	-1	0	-1	0	-1	1	-1	185	1	0	0	0
236	双剑-3变普攻1	Attack2B_01	2	1	4	2	1	0.1	-1	-1	0	364	1	-1	0	-1	0	-1	0	-1	0	-1	1	-1	186	1	0	0	0
237	双剑-3变普攻2	Attack2B_02	2	1	4	2	1	0.1	-1	-1	0	365	1	366	1	-1	0	-1	0	-1	0	-1	1	-1	187	1	0	0	0
238	双剑-3变技能1段	Skill2B_01	2	1	4	2	1	0.1	-1	-1	0	367	1	-1	0	-1	0	-1	0	-1	0	-1	1	-1	188	1	0	0	0
239	双剑-3变技能2段	Skill2B_02	2	1	4	2	1	0.1	-1	-1	0	368	1	-1	0	-1	0	-1	0	-1	0	-1	1	-1	189	1	0	0	0
240	双剑-3变技能3段	Skill2B_03	2	1	4	2	1	0.1	-1	-1	0	369	1	-1	0	-1	0	-1	0	-1	0	-1	1	-1	190	1	0	0	0
241	demo期BOSS-普攻	Attack	2	1	4	2	1	0.2	-1	-1	0	378	1	-1	0	-1	0	-1	0	-1	0	-1	1	-1	191	1	0	0	0
242	demo期BOSS-大招	Skill_03	2	1	4	2	1	0.1	-1	-1	0	376	1	377	1	-1	0	-1	0	-1	0	-1	1	-1	192	1	0	0	0
243	出场动画	Born	2	1	4	2	1	0	-1	-1	0	-1	0	-1	0	-1	0	-1	0	-1	0	-1	1	-1	205	1	0	0	0
244	demo期BOSS-直线AOE	Skill_01	2	1	4	2	1	0.2	-1	-1	0	382	1	383	1	384	1	385	1	-1	0	-1	1	-1	200	1	0	0	0
245	demo期BOSS-扇形AOE	Skill_02	2	1	4	2	1	0.2	-1	-1	0	386	1	-1	0	-1	0	-1	0	-1	0	-1	1	-1	201	1	0	0	0
246	行走	Walk	1	2	4	0	1	0.2	-1	-1	1	-1	0	-1	0	-1	0	-1	0	-1	0	-1	0	-1	-1	1	0	0	0
247	demo期BOSS-转身动作	TurnAround	1	1	4	0	1	0.2	-1	-1	1	-1	0	-1	0	-1	0	-1	0	-1	0	-1	0	-1	-1	1	0	0	0
248	主角-虚弱倒地	Weak	1	1	4	0	1	0.2	-1	-1	1	-1	0	-1	0	-1	0	-1	0	-1	0	-1	0	249	-1	1	0	0	0
249	主角-虚弱持续	Weak_loop	1	2	4	0	1	0.2	-1	-1	1	-1	0	-1	0	-1	0	-1	0	-1	0	-1	0	-1	-1	1	0	0	0
250	击飞倒地-地上躺着	Knockback_03	2	2	4	0	1	0.2	467	251	0	-1	0	-1	0	-1	0	-1	0	-1	0	-1	1	-1	-1	1	0	0	0
251	击飞起身	Knockback_04	2	1	4	2	1	0.1	-1	-1	1	-1	0	-1	0	-1	0	-1	0	-1	0	-1	0	-1	-1	1	0	0	0
252	眩晕	Xuanyun	2	2	4	0	1	0.1	-1	-1	1	-1	0	-1	0	-1	0	-1	0	-1	0	-1	0	-1	-1	1	0	0	0
253	双剑-十字斩动作2	Skill01_02	2	1	4	2	1	0.1	-1	-1	0	355	1	-1	0	-1	0	-1	0	-1	0	-1	1	-1	214	1	0	0	0
254	双剑-1阶变身	Bianshen_1B_01	2	1	4	2	1	0.1	-1	-1	0	402	1	-1	0	-1	0	-1	0	-1	0	-1	1	-1	217	1	0	0	0
255	双剑-2阶变身	Bianshen_1B	2	1	4	2	1	0.1	-1	-1	0	403	1	-1	0	-1	0	-1	0	-1	0	-1	1	-1	218	1	0	0	0
256	双剑-2变普攻1	Attack2B_01	2	1	4	2	1	0.1	-1	-1	0	407	1	408	1	409	1	-1	0	-1	0	-1	1	-1	219	1	0	0	0
257	双剑-2变普攻2	Attack2B_02	2	1	4	2	1	0.1	-1	-1	0	410	1	-1	0	-1	0	-1	0	-1	0	-1	1	-1	220	1	0	0	0
258	双剑-2变普攻3	Attack2B_03	2	1	4	2	1	0.1	-1	-1	0	411	1	-1	0	-1	0	-1	0	-1	0	-1	1	-1	221	1	0	0	0
259	双剑-2变普攻4	Attack2B_04	2	1	4	2	1	0.1	-1	-1	0	412	1	413	1	-1	0	-1	0	-1	0	-1	1	-1	222	1	0	0	0
260	双剑-2变技能1段	Skill04_01	2	1	4	2	1	0.1	-1	-1	0	405	1	-1	0	-1	0	-1	0	-1	0	-1	1	-1	223	1	0	0	0
261	双剑-2变技能2段	Skill04_02	2	1	4	2	1	0.1	-1	-1	0	406	1	-1	0	-1	0	-1	0	-1	0	-1	1	-1	224	1	0	0	0
262	双剑-1变技能	Skill1B_04	2	1	4	2	1	0.1	-1	-1	0	404	1	-1	0	-1	0	-1	0	-1	0	-1	1	-1	349	1	0	0	0
263	骑滑板站立	Huaban_Stand	1	2	4	0	1	0.2	-1	-1	1	-1	0	-1	0	-1	0	-1	0	-1	0	-1	0	-1	-1	1	0	0	0
264	骑滑板跑动	Huaban_Run	1	2	4	0	1	0.1	-1	-1	1	-1	0	-1	0	-1	0	-1	0	-1	0	-1	0	-1	-1	1	0	0	0
265	女王蜂普攻	Attack	2	1	4	2	1	0.2	-1	-1	1	420	1	-1	0	-1	0	-1	0	-1	0	-1	1	-1	241	1	0	0	0
266	瑟克萨斯普攻	Attack	2	1	4	2	1	0.2	-1	-1	1	426	1	-1	0	-1	0	-1	0	-1	0	-1	1	-1	241	1	0	0	0
267	瑟克萨斯技能1	Skill01	2	1	4	2	1	0.2	-1	-1	1	427	1	428	1	-1	0	-1	0	-1	0	-1	1	-1	241	1	0	0	0
268	巨猿普攻	Attack	2	1	4	2	1	0.2	-1	-1	1	421	1	-1	0	-1	0	-1	0	-1	0	-1	1	-1	241	1	0	0	0
269	赤炎樱魔普攻	Attack	2	1	4	2	1	0.2	-1	-1	1	416	1	-1	0	-1	0	-1	0	-1	0	-1	1	-1	241	1	0	0	0
270	赤炎樱魔技能1	Skill_Diyufengbao	2	1	4	2	1	0.2	-1	-1	1	418	1	-1	0	-1	0	-1	0	-1	0	-1	1	-1	241	1	0	0	0
271	弓箭手-技能3动作	Skill03	2	1	4	2	1	0.1	-1	-1	0	-1	0	-1	0	-1	0	-1	0	-1	0	-1	1	-1	-1	1	0	0	0
272	狂战士-普攻1	Attack01_01	2	1	4	2	1	0.1	-1	-1	0	477	1	-1	0	-1	0	-1	0	-1	0	-1	1	-1	253	1	0	0	0
273	狂战士-普攻2	Attack01_02	2	1	4	2	1	0.1	-1	-1	0	478	1	-1	0	-1	0	-1	0	-1	0	-1	1	-1	254	1	0	0	0
274	狂战士-普攻3	Attack01_03	2	1	4	2	1	0.1	-1	-1	0	479	1	-1	0	-1	0	-1	0	-1	0	-1	1	-1	255	1	0	0	0
275	狂战士-普攻4	Attack01_04	2	1	4	2	1	0.1	-1	-1	0	480	1	-1	0	-1	0	-1	0	-1	0	-1	1	-1	256	1	0	0	0
276	狂战士-连续斩	Skill01_01	2	1	4	2	1	0.1	-1	-1	0	481	1	500	1	-1	0	-1	0	-1	0	-1	1	-1	261	1	0	0	0
277	狂战士-连续斩2	Skill01_02	2	1	4	2	1	0.1	-1	-1	0	482	1	483	1	-1	0	-1	0	-1	0	-1	1	-1	262	1	0	0	0
278	狂战士-裂地斩	Skill03	2	1	4	2	1	0	-1	-1	0	489	1	490	1	-1	0	-1	0	-1	0	-1	1	-1	264	1	0	0	0
279	双剑-突刺动作2	Skill03	2	1	4	2	1	0.1	-1	-1	0	449	1	-1	0	-1	0	-1	0	-1	0	-1	1	-1	242	1	0	0	0
280	双剑-突刺动作3	Skill03	2	1	4	2	1	0.1	-1	-1	0	450	1	-1	0	-1	0	-1	0	-1	0	-1	1	-1	243	1	0	0	0
281	弓箭手-3变普攻1	Attack3B_01	2	1	4	2	1	0.1	-1	-1	0	-1	0	-1	0	-1	0	-1	0	-1	0	-1	1	-1	186	1	0	0	0
282	弓箭手-3变普攻2	Attack3B_02	2	1	4	2	1	0.1	-1	-1	0	-1	0	-1	0	-1	0	-1	0	-1	0	-1	1	-1	-1	1	0	0	0
283	狂战士-狂暴旋风	Skill02	2	1	4	2	1	0.1	-1	-1	0	484	1	485	1	486	1	487	1	488	1	-1	1	-1	263	1	0	0	0
284	狂战士-血盾1段	Skill1B_04_01	2	1	4	2	1	0.1	-1	-1	0	493	1	-1	0	-1	0	-1	0	-1	0	-1	1	-1	257	1	0	0	0
285	狂战士-血盾2段	Skill1B_04_02	2	1	4	2	1	0.1	-1	-1	0	494	1	-1	0	-1	0	-1	0	-1	0	-1	1	-1	258	1	0	0	0
286	魔导师-普攻1	Attack01_01	2	1	4	2	1	0.1	-1	-1	0	466	1	-1	0	-1	0	-1	0	-1	0	-1	1	-1	290	1	0	0	0
287	魔导师-普攻2	Attack01_02	2	1	4	2	1	0.1	-1	-1	0	467	1	-1	0	-1	0	-1	0	-1	0	-1	1	-1	291	1	0	0	0
288	魔导师-普攻3	Attack01_03	2	1	4	2	1	0.1	-1	-1	0	468	1	-1	0	-1	0	-1	0	-1	0	-1	1	-1	292	1	0	0	0
289	魔导师-普攻4	Attack01_04	2	1	4	2	1	0.1	-1	-1	0	469	1	-1	0	-1	0	-1	0	-1	0	-1	1	-1	293	1	0	0	0
290	魔导师-2变普攻1	Attack2B_01	2	1	4	2	1	0.1	-1	-1	0	-1	0	-1	0	-1	0	-1	0	-1	0	-1	1	-1	-1	1	0	0	0
291	魔导师-2变普攻2	Attack2B_02	2	1	4	2	1	0.1	-1	-1	0	-1	0	-1	0	-1	0	-1	0	-1	0	-1	1	-1	-1	1	0	0	0
292	魔导师-2变普攻3	Attack2B_03	2	1	4	2	1	0.1	-1	-1	0	-1	0	-1	0	-1	0	-1	0	-1	0	-1	1	-1	-1	1	0	0	0
293	魔导师-2变普攻4	Attack2B_04	2	1	4	2	1	0.1	-1	-1	0	-1	0	-1	0	-1	0	-1	0	-1	0	-1	1	-1	-1	1	0	0	0
294	魔导师-3变普攻1	Attack2B_01	2	1	4	2	1	0.1	-1	-1	0	455	1	-1	0	-1	0	-1	0	-1	0	-1	1	-1	303	1	0	0	0
295	魔导师-3变普攻2	Attack2B_02	2	1	4	2	1	0.1	-1	-1	0	456	1	457	1	-1	0	-1	0	-1	0	-1	1	-1	304	1	0	0	0
296	魔导师-3变普攻3	Attack2B_03	2	1	4	2	1	0.1	-1	-1	0	458	1	459	1	-1	0	-1	0	-1	0	-1	1	-1	305	1	0	0	0
297	魔导师-火凤凰1段	Skill01_01	2	1	4	2	1	0.1	-1	-1	0	503	1	-1	0	-1	0	-1	0	-1	0	-1	1	-1	295	1	0	0	0
298	魔导师-火凤凰2段	Skill01_02	2	1	4	2	1	0.1	-1	-1	0	504	1	513	1	-1	0	-1	0	-1	0	-1	1	-1	296	1	0	0	0
299	魔导师-闪电风暴	Skill02	2	1	4	2	1	0.1	-1	-1	0	460	1	461	1	-1	0	-1	0	-1	0	-1	1	-1	294	1	0	0	0
300	魔导师-瞬移1段	Skill03	2	1	4	2	1	0.1	-1	-1	0	440	1	441	1	-1	0	-1	0	-1	0	-1	1	-1	-1	1	0	0	0
301	魔导师-瞬移2段	Skill03_02	2	1	4	2	1	0.1	-1	-1	0	441	1	-1	0	-1	0	-1	0	-1	0	-1	1	-1	-1	1	0	0	0
302	魔导师-1变特殊技	Skill1B_03	2	1	4	2	1	0.1	-1	-1	0	505	1	-1	0	-1	0	-1	0	-1	0	-1	1	-1	299	1	0	0	0
303	魔导师常规4	Skill04_01	2	1	4	2	1	0.1	-1	-1	0	462	1	-1	0	-1	0	-1	0	-1	0	-1	1	-1	297	1	0	0	0
304	魔导师常规4第2段	Skill04_02	2	1	4	2	1	0.1	-1	-1	0	463	1	-1	0	-1	0	-1	0	-1	0	-1	1	-1	298	1	0	0	0
305	改装型X5普攻特效	Attack	2	1	4	2	1	0.2	-1	-1	1	442	1	443	1	-1	0	-1	0	-1	0	-1	1	-1	252	1	0	0	0
306	双剑-3阶变身	Bianshen_2B_01	2	1	4	2	1	0.1	-1	-1	0	353	1	-1	0	-1	0	-1	0	-1	0	-1	1	-1	185	1	0	0	0
307	双剑-3阶变身	Bianshen_2B_02	2	1	4	2	1	0.1	-1	-1	0	-1	1	-1	0	-1	0	-1	0	-1	0	-1	1	-1	-1	1	0	0	0
308	骑摩托站立男	Bike_W_Stand	1	2	4	0	1	0.2	-1	-1	1	-1	0	-1	0	-1	0	-1	0	-1	0	-1	0	-1	-1	1	0	0	0
309	骑摩托跑动男	Bike_W_Run	1	2	4	0	1	0.1	-1	-1	1	-1	0	-1	0	-1	0	-1	0	-1	0	-1	0	-1	-1	1	0	0	0
310	狂战士-夺魂之镰1段	Skill04_01	2	1	4	2	1	0.1	-1	-1	0	491	1	-1	0	-1	0	-1	0	-1	0	-1	1	-1	259	1	0	0	0
311	狂战士-夺魂之镰2段	Skill04_02	2	1	4	2	1	0.1	-1	-1	0	492	1	-1	0	-1	0	-1	0	-1	0	-1	1	-1	260	1	0	0	0
312	狂战士-PVE变身	Bianshen_1B_01	2	1	4	2	1	0.1	-1	-1	0	402	1	-1	0	-1	0	-1	0	-1	0	-1	1	-1	266	1	0	0	0
313	狂战士-PVP变身	Bianshen_2B_01	2	1	4	2	1	0.1	-1	-1	0	353	1	-1	0	-1	0	-1	0	-1	0	-1	1	-1	267	1	0	0	0
314	狂战士-PVP变身2	Bianshen_2B_02	2	1	4	2	1	0.1	-1	-1	0	353	1	-1	0	-1	0	-1	0	-1	0	-1	1	-1	267	1	0	0	0
315	狂战士-1变技能1段	Skill1B_04_01	2	1	4	2	1	0.1	-1	-1	0	493	1	495	1	-1	0	-1	0	-1	0	-1	1	-1	-1	1	0	0	0
316	狂战士-1变技能2段	Skill1B_04_02	2	1	4	2	1	0.1	-1	-1	0	494	1	-1	0	-1	0	-1	0	-1	0	-1	1	-1	-1	1	0	0	0
317	狂战士-2变普攻1段	Attack2B_01	2	1	4	2	1	0.1	-1	-1	0	496	1	-1	0	-1	0	-1	0	-1	0	-1	1	-1	-1	1	0	0	0
318	狂战士-2变普攻2段	Attack2B_02	2	1	4	2	1	0.1	-1	-1	0	497	1	-1	0	-1	0	-1	0	-1	0	-1	1	-1	-1	1	0	0	0
319	狂战士-2变技能	Skill2B_01	2	1	4	2	1	0.1	-1	-1	0	498	1	-1	0	-1	0	-1	0	-1	0	-1	1	-1	267	1	0	0	0
320	魔导师-2变技能	Skill2B_03	2	1	4	2	1	0.1	-1	-1	0	506	1	507	1	-1	0	-1	0	-1	0	-1	1	-1	302	1	0	0	0
321	摩托车站立男	Motuo_M_Stand	1	2	4	0	1	0.2	-1	-1	1	-1	0	-1	0	-1	0	-1	0	-1	0	-1	0	-1	-1	1	0	0	0
322	摩托车站立女	Motuo_W_Stand	1	2	4	0	1	0.2	-1	-1	1	-1	0	-1	0	-1	0	-1	0	-1	0	-1	0	-1	-1	1	0	0	0
323	摩托车跑动男	Motuo_M_Run	1	2	4	0	1	0.1	-1	-1	1	-1	0	-1	0	-1	0	-1	0	-1	0	-1	0	-1	-1	1	0	0	0
324	摩托车跑动女	Motuo_W_Run	1	2	4	0	1	0.1	-1	-1	1	-1	0	-1	0	-1	0	-1	0	-1	0	-1	0	-1	-1	1	0	0	0
325	飞车站立男	Feiche_M_Stand	1	2	4	0	1	0.2	-1	-1	1	-1	0	-1	0	-1	0	-1	0	-1	0	-1	0	-1	-1	1	0	0	0
326	飞车站立女	Feiche_W_Stand	1	2	4	0	1	0.2	-1	-1	1	-1	0	-1	0	-1	0	-1	0	-1	0	-1	0	-1	-1	1	0	0	0
327	飞车跑动男	Feiche_M_Run	1	2	4	0	1	0.1	-1	-1	1	-1	0	-1	0	-1	0	-1	0	-1	0	-1	0	-1	-1	1	0	0	0
328	飞车跑动女	Feiche_W_Run	1	2	4	0	1	0.1	-1	-1	1	-1	0	-1	0	-1	0	-1	0	-1	0	-1	0	-1	-1	1	0	0	0
329	滑板站立男	Huaban_M_Stand	1	2	4	0	1	0.2	-1	-1	1	-1	0	-1	0	-1	0	-1	0	-1	0	-1	0	-1	-1	1	0	0	0
330	滑板站立女	Huaban_W_Stand	1	2	4	0	1	0.2	-1	-1	1	-1	0	-1	0	-1	0	-1	0	-1	0	-1	0	-1	-1	1	0	0	0
331	滑板跑动男	Huaban_M_Run	1	2	4	0	1	0.1	-1	-1	1	-1	0	-1	0	-1	0	-1	0	-1	0	-1	0	-1	-1	1	0	0	0
332	滑板跑动女	Huaban_W_Run	1	2	4	0	1	0.1	-1	-1	1	-1	0	-1	0	-1	0	-1	0	-1	0	-1	0	-1	-1	1	0	0	0
333	耀光摩托站立男	Bike_M_Stand	1	2	4	0	1	0.2	-1	-1	1	-1	0	-1	0	-1	0	-1	0	-1	0	-1	0	-1	-1	1	0	0	0
334	耀光摩托站立女	Bike_W_Stand	1	2	4	0	1	0.2	-1	-1	1	-1	0	-1	0	-1	0	-1	0	-1	0	-1	0	-1	-1	1	0	0	0
335	耀光摩托跑动男	Bike_M_Run	1	2	4	0	1	0.1	-1	-1	1	-1	0	-1	0	-1	0	-1	0	-1	0	-1	0	-1	-1	1	0	0	0
336	耀光摩托跑动女	Bike_W_Run	1	2	4	0	1	0.1	-1	-1	1	-1	0	-1	0	-1	0	-1	0	-1	0	-1	0	-1	-1	1	0	0	0
337	魔导师-2变开始	Bianshen_2B_01	2	1	4	2	1	0.1	-1	-1	0	353	1	-1	0	-1	0	-1	0	-1	0	-1	1	-1	301	1	0	0	0
338	魔导师-2变结束	Bianshen_2B_02	2	1	4	2	1	0.1	-1	-1	0	353	1	-1	0	-1	0	-1	0	-1	0	-1	1	-1	-1	1	0	0	0
339	魔导师-1变动作	Bianshen_1B_01	2	1	4	2	1	0.1	-1	-1	0	402	1	-1	0	-1	0	-1	0	-1	0	-1	1	-1	300	1	0	0	0
340	赤魔-攻击	Attack	2	1	4	2	1	0.2	-1	-1	1	514	1	-1	0	-1	0	-1	0	-1	0	-1	1	-1	-1	1	0	0	0
341	蒂莉亚-攻击	Attack	2	1	4	2	1	0.2	-1	-1	1	515	1	-1	0	-1	0	-1	0	-1	0	-1	1	-1	-1	1	0	0	0
342	蒂莉亚-技能1	Skill02	2	1	4	2	1	0.2	-1	-1	1	516	1	-1	0	-1	0	-1	0	-1	0	-1	1	-1	-1	1	0	0	0
343	蒂莉亚-技能2	Skill03	2	1	4	2	1	0.2	-1	-1	1	517	1	-1	0	-1	0	-1	0	-1	0	-1	1	-1	-1	1	0	0	0
344	废墟之主-攻击	Attack	2	1	4	2	1	0.2	-1	-1	1	518	1	-1	0	-1	0	-1	0	-1	0	-1	1	-1	-1	1	0	0	0
345	废墟之主-技能1	Skill01	2	1	4	2	1	0.2	-1	-1	1	519	1	-1	0	-1	0	-1	0	-1	0	-1	1	-1	-1	1	0	0	0
346	废墟之主-技能2	Skill02	2	1	4	2	1	0.2	-1	-1	1	520	1	-1	0	-1	0	-1	0	-1	0	-1	1	-1	-1	1	0	0	0
347	火焰鹰仙子法师-攻击	Attack	2	1	4	2	1	0.2	-1	-1	1	521	1	-1	0	-1	0	-1	0	-1	0	-1	1	-1	-1	1	0	0	0
348	火焰鹰仙子法师-技能1	Skill01	2	1	4	2	1	0.2	-1	-1	1	522	1	-1	0	-1	0	-1	0	-1	0	-1	1	-1	-1	1	0	0	0
349	火焰鹰仙子法师-技能2	Skill02	2	1	4	2	1	0.2	-1	-1	1	523	1	-1	0	-1	0	-1	0	-1	0	-1	1	-1	-1	1	0	0	0
350	废墟卫士-攻击	Attack	2	1	4	2	1	0.2	-1	-1	1	527	1	-1	0	-1	0	-1	0	-1	0	-1	1	-1	-1	1	0	0	0
351	废墟卫士-技能1	Skill01	2	1	4	2	1	0.2	-1	-1	1	528	1	-1	0	-1	0	-1	0	-1	0	-1	1	-1	-1	1	0	0	0
352	狂战士1变1技能狂怒	Skill1B_01	2	1	4	2	1	0.1	-1	-1	1	-1	0	-1	0	-1	0	-1	0	-1	0	-1	1	-1	-1	1	0	0	0
353	狂战士1变3技能旋风斩1段	Skill1B_03_01	2	1	4	2	1	0.1	-1	-1	1	-1	0	-1	0	-1	0	-1	0	-1	0	-1	1	-1	342	1	0	0	0
354	狂战士1变3技能旋风斩2段	Skill1B_03_02	2	1	4	2	1	0.1	-1	-1	1	-1	0	-1	0	-1	0	-1	0	-1	0	-1	1	-1	342	1	0	0	0
355	狂战士2变3技能天崩地裂	Skill2B_03	2	1	4	2	1	0.1	-1	-1	1	-1	0	-1	0	-1	0	-1	0	-1	0	-1	1	-1	344	1	0	0	0
356	狂战士2变4技能开山憾地	Skill2B_04	2	1	4	2	1	0.1	-1	-1	1	267	0	-1	0	-1	0	-1	0	-1	0	-1	1	-1	343	1	0	0	0
357	魔导师1变1技能暴风龙卷	Skill1B_01	2	1	4	2	1	0.1	-1	-1	1	-1	0	-1	0	-1	0	-1	0	-1	0	-1	1	-1	-1	1	0	0	0
358	魔导师2变2技冰霜轰爆	Skill2B_02	2	1	4	2	1	0.1	-1	-1	1	-1	0	-1	0	-1	0	-1	0	-1	0	-1	1	-1	347	1	0	0	0
359	双剑士PVP无敌斩	Skill2B_04	2	1	4	2	1	0.1	-1	-1	1	-1	0	-1	0	-1	0	-1	0	-1	0	-1	1	-1	-1	1	0	0	0
360	双剑士PVE冲击波	Skill1B_01	2	1	4	2	1	0.1	-1	-1	1	-1	0	-1	0	-1	0	-1	0	-1	0	-1	1	-1	-1	1	0	0	0
361	双剑士PVE双剑乱舞	Skill1B_02	2	1	4	2	1	0.1	-1	-1	0	543	1	544	1	545	1	-1	0	-1	0	-1	1	-1	350	1	0	0	0
362	双剑士PVE龙卷风暴	Skill1B_03	2	1	4	2	1	0.1	-1	-1	0	546	1	547	1	548	1	-1	0	-1	0	-1	1	-1	-1	1	0	0	0
363	狂战士PVE旋风斩	Skill1B_03_01	2	1	4	2	1	0.1	-1	-1	0	-1	0	-1	0	-1	0	-1	0	-1	0	-1	1	364	342	1	0	0	0
364	狂战士PVE旋风斩2段	Skill1B_03_02	2	1	4	2	1	0.1	-1	-1	0	530	1	-1	0	-1	0	-1	0	-1	0	-1	1	-1	342	1	0	0	0
365	狂战士PVE狂怒	Skill1B_01	2	1	4	2	1	0.1	-1	-1	0	529	1	-1	0	-1	0	-1	0	-1	0	-1	1	-1	341	1	0	0	0
366	狂战士PVP天崩地裂	Skill2B_03	2	1	4	2	1	0.1	-1	-1	0	531	1	532	1	-1	0	-1	0	-1	0	-1	1	-1	344	1	0	0	0
367	狂战士PVP开山憾地	Skill2B_04	2	1	4	2	1	0.1	-1	-1	0	533	1	534	1	-1	0	-1	0	-1	0	-1	1	-1	343	1	0	0	0
368	魔导师PVE龙卷风	Skill1B_01	2	1	4	2	1	0.1	-1	-1	0	535	1	536	1	-1	0	-1	0	-1	0	-1	1	-1	346	1	0	0	0
369	魔导师PVE流星风暴	Skill1B_04	2	1	4	2	1	0.1	-1	-1	0	538	1	539	1	-1	0	-1	0	-1	0	-1	1	-1	345	1	0	0	0
370	魔导师PVP冰霜轰爆	Skill2B_02	2	1	4	2	1	0.1	-1	-1	0	537	1	-1	0	-1	0	-1	0	-1	0	-1	1	-1	347	1	0	0	0
371	魔导师PVP制裁之雷	Skill2B_04	2	1	4	2	1	0.1	-1	-1	0	540	1	541	1	542	1	-1	0	-1	0	-1	1	-1	348	1	0	0	0
372	改装型X02普攻	Attack	2	1	4	2	1	0.1	-1	-1	1	552	1	-1	0	-1	0	-1	0	-1	0	-1	1	-1	-1	1	0	0	0
373	改装型X02技能1	Skill01	2	1	4	2	1	0.1	-1	-1	1	554	1	-1	0	-1	0	-1	0	-1	0	-1	1	-1	-1	1	0	0	0
374	改装型X02技能2	Skill02_X02	2	1	4	2	1	0.1	-1	-1	1	556	1	559	1	557	1	558	1	-1	0	-1	1	-1	-1	1	0	0	0
375	转换型普攻	Attack	2	1	4	2	1	0.1	-1	-1	1	560	1	-1	0	-1	0	-1	0	-1	0	-1	1	-1	-1	1	0	0	0
376	转换型技能	Skill01	2	1	4	2	1	0.1	-1	-1	1	561	1	-1	0	-1	0	-1	0	-1	0	-1	1	-1	-1	1	0	0	0
377	仲裁者普攻	Attack	2	1	4	2	1	0.1	-1	-1	1	562	1	563	1	-1	0	-1	0	-1	0	-1	1	-1	-1	1	0	0	0
378	仲裁者技能1	Skill01	2	1	4	2	1	0.1	-1	-1	1	564	1	-1	0	-1	0	-1	0	-1	0	-1	1	-1	-1	1	0	0	0
379	仲裁者技能2	Skill02	2	1	4	2	1	0.1	-1	-1	1	565	1	-1	0	-1	0	-1	0	-1	0	-1	1	-1	-1	1	0	0	0
380	改装型X03普攻	Attack	2	1	4	2	1	0.1	-1	-1	1	566	1	-1	0	-1	0	-1	0	-1	0	-1	1	-1	-1	1	0	0	0
381	改装型X03技能1	Skill01	2	1	4	2	1	0.1	-1	-1	1	567	1	568	1	-1	0	-1	0	-1	0	-1	1	-1	-1	1	0	0	0
382	改装型X03技能2	Skill02_X03	2	1	4	2	1	0.1	-1	-1	1	569	1	570	1	-1	0	-1	0	-1	0	-1	1	-1	-1	1	0	0	0
383	黑伊尔普攻	Attack	2	1	4	2	1	0.1	-1	-1	1	572	1	-1	0	-1	0	-1	0	-1	0	-1	1	-1	-1	1	0	0	0
384	黑伊尔技能	Skill01_heiyier	2	1	4	2	1	0.1	-1	-1	1	573	1	-1	0	-1	0	-1	0	-1	0	-1	1	-1	-1	1	0	0	0
385	机械之灵攻击	Attack	2	1	4	2	1	0.1	-1	-1	1	574	1	-1	0	-1	0	-1	0	-1	0	-1	1	-1	-1	1	0	0	0
386	机械之灵技能1	Skill01	2	1	4	2	1	0.1	-1	-1	1	575	1	576	1	-1	0	-1	0	-1	0	-1	1	-1	-1	1	0	0	0
387	巨石怪技能	Skill01_jushiguai	2	1	4	2	1	0.1	-1	-1	1	-1	0	-1	0	-1	0	-1	0	-1	0	-1	1	-1	-1	1	0	0	0
388	赤焰魔婴技能1	Skill_Diyuchiyan	2	1	4	2	1	0.1	-1	-1	1	419	1	-1	0	-1	0	-1	0	-1	0	-1	1	-1	-1	1	0	0	0
389	赤焰魔婴技能3	Skill_Xumingbuqi	2	1	4	2	1	0.1	-1	-1	1	417	1	-1	0	-1	0	-1	0	-1	0	-1	1	-1	-1	1	0	0	0
390	木乃伊技能	Skill01_munaiyi	2	1	4	2	1	0.1	-1	-1	1	-1	0	-1	0	-1	0	-1	0	-1	0	-1	1	-1	-1	1	0	0	0
391	眼魔技能	skill01_yanmo	2	1	4	2	1	0.1	-1	-1	1	-1	0	-1	0	-1	0	-1	0	-1	0	-1	1	-1	-1	1	0	0	0
392	改装型X05技能1	Skill01	2	1	4	2	1	0.1	-1	-1	1	444	1	445	1	446	1	-1	0	-1	0	-1	1	-1	-1	1	0	0	0
393	改装型X05技能2	Skill02	2	1	4	2	1	0.1	-1	-1	1	447	1	448	1	-1	0	-1	0	-1	0	-1	1	-1	-1	1	0	0	0
394	冰冻鬼王技能	Skill01_bingdongguiwang	2	1	4	2	1	0.1	-1	-1	1	-1	0	-1	0	-1	0	-1	0	-1	0	-1	1	-1	-1	1	0	0	0
395	要塞领主技能	Skill01_yaosailingzhu	2	1	4	2	1	0.1	-1	-1	1	-1	0	-1	0	-1	0	-1	0	-1	0	-1	1	-1	-1	1	0	0	0
396	恶灵之王技能	Skill01_erlingzhiwang	2	1	4	2	1	0.1	-1	-1	1	-1	0	-1	0	-1	0	-1	0	-1	0	-1	1	-1	-1	1	0	0	0
397	要塞守卫技能	Skill01_yaosaishouwei	2	1	4	2	1	0.1	-1	-1	1	-1	0	-1	0	-1	0	-1	0	-1	0	-1	1	-1	-1	1	0	0	0
398	狂战士PVE结束变身	Bianshen_1B_02	2	1	4	2	1	0.1	-1	-1	0	-1	0	-1	0	-1	0	-1	0	-1	0	-1	1	-1	-1	1	0	0	0
399	双剑-1阶变身2段	Bianshen_1B_02	2	1	4	2	1	0.1	-1	-1	0	-1	0	-1	0	-1	0	-1	0	-1	0	-1	1	-1	-1	1	0	0	0
400	魔导师-1阶变身2段	Bianshen_1B_02	2	1	4	2	1	0.1	-1	-1	0	-1	0	-1	0	-1	0	-1	0	-1	0	-1	1	-1	-1	1	0	0	0
401	冰冻鬼王-攻击	Attack	2	1	4	2	1	0.2	-1	-1	1	612	1	-1	0	-1	0	-1	0	-1	0	-1	1	-1	-1	1	0	0	0
402	冰冻鬼王-技能1	Skill01_bingdongguiwang	2	1	4	2	1	0.2	-1	-1	1	613	1	-1	0	-1	0	-1	0	-1	0	-1	1	-1	-1	1	0	0	0
403	木乃伊-攻击	Attack	2	1	4	2	1	0.2	-1	-1	1	612	1	-1	0	-1	0	-1	0	-1	0	-1	1	-1	-1	1	0	0	0
404	木乃伊-技能	Skill01_munaiyi	2	1	4	2	1	0.2	-1	-1	1	614	1	-1	0	-1	0	-1	0	-1	0	-1	1	-1	-1	1	0	0	0
405	幽灵爵士-攻击	Attack	2	1	4	2	1	0.2	-1	-1	1	615	1	-1	0	-1	0	-1	0	-1	0	-1	1	-1	-1	1	0	0	0
406	幽灵爵士-技能	SKill02	2	1	4	2	1	0.2	-1	-1	1	616	1	-1	0	-1	0	-1	0	-1	0	-1	1	-1	-1	1	0	0	0
407	恶灵之王-攻击	Attack	2	1	4	2	1	0.2	-1	-1	1	617	1	618	1	-1	0	-1	0	-1	0	-1	1	-1	-1	1	0	0	0
408	恶灵之王-技能	Skill01_erlingzhiwang	2	1	4	2	1	0.2	-1	-1	1	619	1	-1	0	-1	0	-1	0	-1	0	-1	1	-1	-1	1	0	0	0
409	眼魔-普攻	Attack	2	1	4	2	1	0.2	-1	-1	1	624	1	625	1	-1	0	-1	0	-1	0	-1	1	-1	-1	1	0	0	0
410	眼魔-技能	Skill01_yanmo	2	1	4	2	1	0.2	-1	-1	1	626	1	627	1	-1	0	-1	0	-1	0	-1	1	-1	-1	1	0	0	0
411	要塞军师-普攻	Attack	2	1	4	2	1	0.2	-1	-1	1	629	1	630	1	-1	0	-1	0	-1	0	-1	1	-1	-1	1	0	0	0
412	要塞军师-技能一	Skill01	2	1	4	2	1	0.2	-1	-1	1	631	1	632	1	633	1	634	1	-1	0	-1	1	-1	-1	1	0	0	0
413	要塞军师技能二	Skill02	2	1	4	2	1	0.2	-1	-1	1	635	1	-1	0	-1	0	-1	0	-1	0	-1	1	-1	-1	1	0	0	0
414	要塞领主-普攻	Attack	2	1	4	2	1	0.2	-1	-1	1	636	1	-1	0	-1	0	-1	0	-1	0	-1	1	-1	-1	1	0	0	0
415	要塞领主-技能	Skill01_yaosailingzhu	2	1	4	2	1	0.2	-1	-1	1	637	1	638	1	-1	0	-1	0	-1	0	-1	1	-1	-1	1	0	0	0
416	要塞守卫-普攻	Attack	2	1	4	2	1	0.2	-1	-1	1	640	1	-1	0	-1	0	-1	0	-1	0	-1	1	-1	-1	1	0	0	0
417	要塞守卫-技能第一段	Attack	2	1	4	2	1	0.2	-1	-1	1	640	1	-1	0	-1	0	-1	0	-1	0	-1	1	-1	-1	1	0	0	0
418	要塞守卫-技能第二段	Skill01_yaosaishouwei	2	1	4	2	1	0.2	-1	-1	1	641	1	-1	0	-1	0	-1	0	-1	0	-1	1	-1	-1	1	0	0	0
419	幽灵学者-普攻	Attack	2	1	4	2	1	0.2	-1	-1	1	643	1	-1	0	-1	0	-1	0	-1	0	-1	1	-1	-1	1	0	0	0
420	幽灵学者-技能	Skill02	2	1	4	2	1	0.2	-1	-1	1	644	1	-1	0	-1	0	-1	0	-1	0	-1	1	-1	-1	1	0	0	0
421	幽灵学者-技能	Skill01	2	1	4	2	1	0.2	-1	-1	1	-1	0	-1	0	-1	0	-1	0	-1	0	-1	1	-1	-1	1	0	0	0
422	击飞飞出	Knockback_02	2	1	4	2	1	0	-1	-1	0	-1	0	-1	0	-1	0	-1	0	-1	0	-1	1	-1	-1	1	0	0	0
423	赤焰魔婴技能3	Skill_Xumingbuqi	2	1	4	2	1	0.2	-1	-1	1	-1	0	-1	0	-1	0	-1	0	-1	0	-1	1	-1	-1	1	0	0	0
