Id	Desc	BelleId	Level	MainLevel	SubLevel	Duration	ConsumeType_1	ConsumeSubType_1	ConsumeNum_1	ConsumeType_2	ConsumeSubType_2	ConsumeNum_2	AttrType_1	AttrValue_1	AttrType_2	AttrValue_2	AttrType_3	AttrValue_3	AttrType_4	AttrValue_4	AttrType_5	AttrValue_5	AttrType_6	AttrValue_6
INT	STRING	INT	INT	INT	INT	INT	INT	INT	INT	INT	INT	INT	INT	INT	INT	INT	INT	INT	INT	INT	INT	INT	INT	INT
#MAX_ID=9999;MAX_RECORD=9999;TableType=Hash;																								
#本行程序不读	描述	美人Id	总等级	品阶等级	子等级	进化时间（秒）	消耗类型1（1元宝2金币3代币4经验5道具）	消耗子类型1（当类型为代币时，1真气2体力3帮贡，当类型为道具时，填道具id）	消耗数量1	消耗类型2	消耗子类型2	消耗数量2	加成属性类型1	加成属性值1	加成属性类型2	加成属性值2	加成属性类型3	加成属性值3	加成属性类型4	加成属性值4	加成属性类型5	加成属性值5	加成属性类型6	加成属性值6
1		0	1	1	1	60	5	59064	1	2	1	100	1001	27	10	0	8	0	1001	0	1000	0	0	0
2		0	2	1	2	120	5	59064	1	2	1	200	1001	54	10	0	8	0	1001	0	1000	0	0	0
3		0	3	1	3	300	5	59064	1	2	1	300	1001	81	10	0	8	0	1001	0	1000	0	0	0
4		0	4	1	4	480	5	59064	2	2	1	800	1001	108	10	0	8	0	1001	0	1000	0	0	0
5		0	5	1	5	600	5	59064	2	2	1	1000	1001	135	10	0	8	0	1001	0	1000	0	0	0
6		0	6	1	6	900	5	59064	2	2	1	1200	1001	162	10	0	8	0	1001	0	1000	0	0	0
7		0	7	1	7	1200	5	59064	2	2	1	1400	1001	189	10	0	8	0	1001	0	1000	0	0	0
8		0	8	1	8	1500	5	59064	2	2	1	1600	1001	216	10	0	8	0	1001	0	1000	0	0	0
9		0	9	1	9	1800	5	59064	2	2	1	1800	1001	243	10	0	8	0	1001	0	1000	0	0	0
10		0	10	2	1	2100	5	59064	5	2	1	5000	1001	243	10	16	8	0	1001	0	1000	0	0	0
11		0	11	2	2	2400	5	59064	5	2	1	5500	1001	243	10	32	8	0	1001	0	1000	0	0	0
12		0	12	2	3	2700	5	59064	5	2	1	6000	1001	243	10	48	8	0	1001	0	1000	0	0	0
13		0	13	2	4	3600	5	59064	5	2	1	6500	1001	243	10	64	8	0	1001	0	1000	0	0	0
14		0	14	2	5	5400	5	59064	5	2	1	7000	1001	243	10	80	8	0	1001	0	1000	0	0	0
15		0	15	2	6	7200	5	59064	5	2	1	7500	1001	243	10	96	8	0	1001	0	1000	0	0	0
16		0	16	2	7	9000	5	59064	5	2	1	8000	1001	243	10	112	8	0	1001	0	1000	0	0	0
17		0	17	2	8	10800	5	59064	5	2	1	8500	1001	243	10	128	8	0	1001	0	1000	0	0	0
18		0	18	2	9	12600	5	59064	5	2	1	9000	1001	243	10	144	8	0	1001	0	1000	0	0	0
19		0	19	3	1	14400	5	59064	10	2	1	19000	1001	243	10	144	8	16	1001	0	1000	0	0	0
20		0	20	3	2	16200	5	59064	10	2	1	20000	1001	243	10	144	8	32	1001	0	1000	0	0	0
21		0	21	3	3	18000	5	59064	10	2	1	21000	1001	243	10	144	8	48	1001	0	1000	0	0	0
22		0	22	3	4	21600	5	59064	10	2	1	22000	1001	243	10	144	8	64	1001	0	1000	0	0	0
23		0	23	3	5	25200	5	59064	10	2	1	23000	1001	243	10	144	8	80	1001	0	1000	0	0	0
24		0	24	3	6	28800	5	59064	10	2	1	24000	1001	243	10	144	8	96	1001	0	1000	0	0	0
25		0	25	3	7	36000	5	59064	10	2	1	25000	1001	243	10	144	8	112	1001	0	1000	0	0	0
26		0	26	3	8	43200	5	59064	10	2	1	26000	1001	243	10	144	8	128	1001	0	1000	0	0	0
27		0	27	3	9	50400	5	59064	10	2	1	27000	1001	243	10	144	8	144	1001	0	1000	0	0	0
28		0	28	4	1	57600	5	59064	15	2	1	42000	1001	243	10	144	8	144	1001	17	1000	0	0	0
29		0	29	4	2	64800	5	59064	15	2	1	43500	1001	243	10	144	8	144	1001	34	1000	0	0	0
30		0	30	4	3	72000	5	59064	15	2	1	45000	1001	243	10	144	8	144	1001	51	1000	0	0	0
31		0	31	4	4	86400	5	59064	15	2	1	46500	1001	243	10	144	8	144	1001	68	1000	0	0	0
32		0	32	4	5	100800	5	59064	15	2	1	48000	1001	243	10	144	8	144	1001	85	1000	0	0	0
33		0	33	4	6	115200	5	59064	15	2	1	49500	1001	243	10	144	8	144	1001	102	1000	0	0	0
34		0	34	4	7	129600	5	59064	15	2	1	51000	1001	243	10	144	8	144	1001	119	1000	0	0	0
35		0	35	4	8	151200	5	59064	15	2	1	52500	1001	243	10	144	8	144	1001	136	1000	0	0	0
36		0	36	4	9	172800	5	59064	15	2	1	54000	1001	243	10	144	8	144	1001	153	1000	0	0	0
37		0	37	5	1	194400	5	59064	20	2	1	74000	1001	243	10	144	8	144	1001	153	1000	24	0	0
38		0	38	5	2	216000	5	59064	20	2	1	76000	1001	243	10	144	8	144	1001	153	1000	48	0	0
39		0	39	5	3	237600	5	59064	20	2	1	78000	1001	243	10	144	8	144	1001	153	1000	72	0	0
40		0	40	5	4	259200	5	59064	20	2	1	80000	1001	243	10	144	8	144	1001	153	1000	96	0	0
41		0	41	5	5	280800	5	59064	20	2	1	82000	1001	243	10	144	8	144	1001	153	1000	120	0	0
42		0	42	5	6	302400	5	59064	20	2	1	84000	1001	243	10	144	8	144	1001	153	1000	144	0	0
43		0	43	5	7	324000	5	59064	20	2	1	86000	1001	243	10	144	8	144	1001	153	1000	168	0	0
44		0	44	5	8	345600	5	59064	20	2	1	88000	1001	243	10	144	8	144	1001	153	1000	192	0	0
45		0	45	5	9	367200	5	59064	20	2	1	90000	1001	243	10	144	8	144	1001	153	1000	216	0	0
46		1	1	1	1	60	5	59055	1	2	1	100	1000	39	9	0	7	0	1001	0	1000	0	0	0
47		1	2	1	2	120	5	59055	1	2	1	200	1000	78	9	0	7	0	1001	0	1000	0	0	0
48		1	3	1	3	300	5	59055	1	2	1	300	1000	117	9	0	7	0	1001	0	1000	0	0	0
49		1	4	1	4	480	5	59055	2	2	1	800	1000	156	9	0	7	0	1001	0	1000	0	0	0
50		1	5	1	5	600	5	59055	2	2	1	1000	1000	195	9	0	7	0	1001	0	1000	0	0	0
51		1	6	1	6	900	5	59055	2	2	1	1200	1000	234	9	0	7	0	1001	0	1000	0	0	0
52		1	7	1	7	1200	5	59055	2	2	1	1400	1000	273	9	0	7	0	1001	0	1000	0	0	0
53		1	8	1	8	1500	5	59055	2	2	1	1600	1000	312	9	0	7	0	1001	0	1000	0	0	0
54		1	9	1	9	1800	5	59055	2	2	1	1800	1000	351	9	0	7	0	1001	0	1000	0	0	0
55		1	10	2	1	2100	5	59055	5	2	1	5000	1000	351	9	16	7	0	1001	0	1000	0	0	0
56		1	11	2	2	2400	5	59055	5	2	1	5500	1000	351	9	32	7	0	1001	0	1000	0	0	0
57		1	12	2	3	2700	5	59055	5	2	1	6000	1000	351	9	48	7	0	1001	0	1000	0	0	0
58		1	13	2	4	3600	5	59055	5	2	1	6500	1000	351	9	64	7	0	1001	0	1000	0	0	0
59		1	14	2	5	5400	5	59055	5	2	1	7000	1000	351	9	80	7	0	1001	0	1000	0	0	0
60		1	15	2	6	7200	5	59055	5	2	1	7500	1000	351	9	96	7	0	1001	0	1000	0	0	0
61		1	16	2	7	9000	5	59055	5	2	1	8000	1000	351	9	112	7	0	1001	0	1000	0	0	0
62		1	17	2	8	10800	5	59055	5	2	1	8500	1000	351	9	128	7	0	1001	0	1000	0	0	0
63		1	18	2	9	12600	5	59055	5	2	1	9000	1000	351	9	144	7	0	1001	0	1000	0	0	0
64		1	19	3	1	14400	5	59055	10	2	1	19000	1000	351	9	144	7	16	1001	0	1000	0	0	0
65		1	20	3	2	16200	5	59055	10	2	1	20000	1000	351	9	144	7	32	1001	0	1000	0	0	0
66		1	21	3	3	18000	5	59055	10	2	1	21000	1000	351	9	144	7	48	1001	0	1000	0	0	0
67		1	22	3	4	21600	5	59055	10	2	1	22000	1000	351	9	144	7	64	1001	0	1000	0	0	0
68		1	23	3	5	25200	5	59055	10	2	1	23000	1000	351	9	144	7	80	1001	0	1000	0	0	0
69		1	24	3	6	28800	5	59055	10	2	1	24000	1000	351	9	144	7	96	1001	0	1000	0	0	0
70		1	25	3	7	36000	5	59055	10	2	1	25000	1000	351	9	144	7	112	1001	0	1000	0	0	0
71		1	26	3	8	43200	5	59055	10	2	1	26000	1000	351	9	144	7	128	1001	0	1000	0	0	0
72		1	27	3	9	50400	5	59055	10	2	1	27000	1000	351	9	144	7	144	1001	0	1000	0	0	0
73		1	28	4	1	57600	5	59055	15	2	1	42000	1000	351	9	144	7	144	1001	17	1000	0	0	0
74		1	29	4	2	64800	5	59055	15	2	1	43500	1000	351	9	144	7	144	1001	34	1000	0	0	0
75		1	30	4	3	72000	5	59055	15	2	1	45000	1000	351	9	144	7	144	1001	51	1000	0	0	0
76		1	31	4	4	86400	5	59055	15	2	1	46500	1000	351	9	144	7	144	1001	68	1000	0	0	0
77		1	32	4	5	100800	5	59055	15	2	1	48000	1000	351	9	144	7	144	1001	85	1000	0	0	0
78		1	33	4	6	115200	5	59055	15	2	1	49500	1000	351	9	144	7	144	1001	102	1000	0	0	0
79		1	34	4	7	129600	5	59055	15	2	1	51000	1000	351	9	144	7	144	1001	119	1000	0	0	0
80		1	35	4	8	151200	5	59055	15	2	1	52500	1000	351	9	144	7	144	1001	136	1000	0	0	0
81		1	36	4	9	172800	5	59055	15	2	1	54000	1000	351	9	144	7	144	1001	153	1000	0	0	0
82		1	37	5	1	194400	5	59055	20	2	1	74000	1000	351	9	144	7	144	1001	153	1000	24	0	0
83		1	38	5	2	216000	5	59055	20	2	1	76000	1000	351	9	144	7	144	1001	153	1000	48	0	0
84		1	39	5	3	237600	5	59055	20	2	1	78000	1000	351	9	144	7	144	1001	153	1000	72	0	0
85		1	40	5	4	259200	5	59055	20	2	1	80000	1000	351	9	144	7	144	1001	153	1000	96	0	0
86		1	41	5	5	280800	5	59055	20	2	1	82000	1000	351	9	144	7	144	1001	153	1000	120	0	0
87		1	42	5	6	302400	5	59055	20	2	1	84000	1000	351	9	144	7	144	1001	153	1000	144	0	0
88		1	43	5	7	324000	5	59055	20	2	1	86000	1000	351	9	144	7	144	1001	153	1000	168	0	0
89		1	44	5	8	345600	5	59055	20	2	1	88000	1000	351	9	144	7	144	1001	153	1000	192	0	0
90		1	45	5	9	367200	5	59055	20	2	1	90000	1000	351	9	144	7	144	1001	153	1000	216	0	0
91		2	1	1	1	60	5	59056	1	2	1	100	1001	34	10	0	8	0	1001	0	1000	0	0	0
92		2	2	1	2	120	5	59056	1	2	1	200	1001	68	10	0	8	0	1001	0	1000	0	0	0
93		2	3	1	3	300	5	59056	1	2	1	300	1001	102	10	0	8	0	1001	0	1000	0	0	0
94		2	4	1	4	480	5	59056	2	2	1	800	1001	136	10	0	8	0	1001	0	1000	0	0	0
95		2	5	1	5	600	5	59056	2	2	1	1000	1001	170	10	0	8	0	1001	0	1000	0	0	0
96		2	6	1	6	900	5	59056	2	2	1	1200	1001	204	10	0	8	0	1001	0	1000	0	0	0
97		2	7	1	7	1200	5	59056	2	2	1	1400	1001	238	10	0	8	0	1001	0	1000	0	0	0
98		2	8	1	8	1500	5	59056	2	2	1	1600	1001	272	10	0	8	0	1001	0	1000	0	0	0
99		2	9	1	9	1800	5	59056	2	2	1	1800	1001	306	10	0	8	0	1001	0	1000	0	0	0
100		2	10	2	1	2100	5	59056	5	2	1	5000	1001	306	10	19	8	0	1001	0	1000	0	0	0
101		2	11	2	2	2400	5	59056	5	2	1	5500	1001	306	10	38	8	0	1001	0	1000	0	0	0
102		2	12	2	3	2700	5	59056	5	2	1	6000	1001	306	10	57	8	0	1001	0	1000	0	0	0
103		2	13	2	4	3600	5	59056	5	2	1	6500	1001	306	10	76	8	0	1001	0	1000	0	0	0
104		2	14	2	5	5400	5	59056	5	2	1	7000	1001	306	10	95	8	0	1001	0	1000	0	0	0
105		2	15	2	6	7200	5	59056	5	2	1	7500	1001	306	10	114	8	0	1001	0	1000	0	0	0
106		2	16	2	7	9000	5	59056	5	2	1	8000	1001	306	10	133	8	0	1001	0	1000	0	0	0
107		2	17	2	8	10800	5	59056	5	2	1	8500	1001	306	10	152	8	0	1001	0	1000	0	0	0
108		2	18	2	9	12600	5	59056	5	2	1	9000	1001	306	10	171	8	0	1001	0	1000	0	0	0
109		2	19	3	1	14400	5	59056	10	2	1	19000	1001	306	10	171	8	19	1001	0	1000	0	0	0
110		2	20	3	2	16200	5	59056	10	2	1	20000	1001	306	10	171	8	38	1001	0	1000	0	0	0
111		2	21	3	3	18000	5	59056	10	2	1	21000	1001	306	10	171	8	57	1001	0	1000	0	0	0
112		2	22	3	4	21600	5	59056	10	2	1	22000	1001	306	10	171	8	76	1001	0	1000	0	0	0
113		2	23	3	5	25200	5	59056	10	2	1	23000	1001	306	10	171	8	95	1001	0	1000	0	0	0
114		2	24	3	6	28800	5	59056	10	2	1	24000	1001	306	10	171	8	114	1001	0	1000	0	0	0
115		2	25	3	7	36000	5	59056	10	2	1	25000	1001	306	10	171	8	133	1001	0	1000	0	0	0
116		2	26	3	8	43200	5	59056	10	2	1	26000	1001	306	10	171	8	152	1001	0	1000	0	0	0
117		2	27	3	9	50400	5	59056	10	2	1	27000	1001	306	10	171	8	171	1001	0	1000	0	0	0
118		2	28	4	1	57600	5	59056	15	2	1	42000	1001	306	10	171	8	171	1001	21	1000	0	0	0
119		2	29	4	2	64800	5	59056	15	2	1	43500	1001	306	10	171	8	171	1001	42	1000	0	0	0
120		2	30	4	3	72000	5	59056	15	2	1	45000	1001	306	10	171	8	171	1001	63	1000	0	0	0
121		2	31	4	4	86400	5	59056	15	2	1	46500	1001	306	10	171	8	171	1001	84	1000	0	0	0
122		2	32	4	5	100800	5	59056	15	2	1	48000	1001	306	10	171	8	171	1001	105	1000	0	0	0
123		2	33	4	6	115200	5	59056	15	2	1	49500	1001	306	10	171	8	171	1001	126	1000	0	0	0
124		2	34	4	7	129600	5	59056	15	2	1	51000	1001	306	10	171	8	171	1001	147	1000	0	0	0
125		2	35	4	8	151200	5	59056	15	2	1	52500	1001	306	10	171	8	171	1001	168	1000	0	0	0
126		2	36	4	9	172800	5	59056	15	2	1	54000	1001	306	10	171	8	171	1001	189	1000	0	0	0
127		2	37	5	1	194400	5	59056	20	2	1	74000	1001	306	10	171	8	171	1001	189	1000	30	0	0
128		2	38	5	2	216000	5	59056	20	2	1	76000	1001	306	10	171	8	171	1001	189	1000	60	0	0
129		2	39	5	3	237600	5	59056	20	2	1	78000	1001	306	10	171	8	171	1001	189	1000	90	0	0
130		2	40	5	4	259200	5	59056	20	2	1	80000	1001	306	10	171	8	171	1001	189	1000	120	0	0
131		2	41	5	5	280800	5	59056	20	2	1	82000	1001	306	10	171	8	171	1001	189	1000	150	0	0
132		2	42	5	6	302400	5	59056	20	2	1	84000	1001	306	10	171	8	171	1001	189	1000	180	0	0
133		2	43	5	7	324000	5	59056	20	2	1	86000	1001	306	10	171	8	171	1001	189	1000	210	0	0
134		2	44	5	8	345600	5	59056	20	2	1	88000	1001	306	10	171	8	171	1001	189	1000	240	0	0
135		2	45	5	9	367200	5	59056	20	2	1	90000	1001	306	10	171	8	171	1001	189	1000	270	0	0
136		3	1	1	1	60	5	59057	1	2	1	100	1001	34	10	0	7	0	1001	0	1000	0	0	0
137		3	2	1	2	120	5	59057	1	2	1	200	1001	68	10	0	7	0	1001	0	1000	0	0	0
138		3	3	1	3	300	5	59057	1	2	1	300	1001	102	10	0	7	0	1001	0	1000	0	0	0
139		3	4	1	4	480	5	59057	2	2	1	800	1001	136	10	0	7	0	1001	0	1000	0	0	0
140		3	5	1	5	600	5	59057	2	2	1	1000	1001	170	10	0	7	0	1001	0	1000	0	0	0
141		3	6	1	6	900	5	59057	2	2	1	1200	1001	204	10	0	7	0	1001	0	1000	0	0	0
142		3	7	1	7	1200	5	59057	2	2	1	1400	1001	238	10	0	7	0	1001	0	1000	0	0	0
143		3	8	1	8	1500	5	59057	2	2	1	1600	1001	272	10	0	7	0	1001	0	1000	0	0	0
144		3	9	1	9	1800	5	59057	2	2	1	1800	1001	306	10	0	7	0	1001	0	1000	0	0	0
145		3	10	2	1	2100	5	59057	5	2	1	5000	1001	306	10	19	7	0	1001	0	1000	0	0	0
146		3	11	2	2	2400	5	59057	5	2	1	5500	1001	306	10	38	7	0	1001	0	1000	0	0	0
147		3	12	2	3	2700	5	59057	5	2	1	6000	1001	306	10	57	7	0	1001	0	1000	0	0	0
148		3	13	2	4	3600	5	59057	5	2	1	6500	1001	306	10	76	7	0	1001	0	1000	0	0	0
149		3	14	2	5	5400	5	59057	5	2	1	7000	1001	306	10	95	7	0	1001	0	1000	0	0	0
150		3	15	2	6	7200	5	59057	5	2	1	7500	1001	306	10	114	7	0	1001	0	1000	0	0	0
151		3	16	2	7	9000	5	59057	5	2	1	8000	1001	306	10	133	7	0	1001	0	1000	0	0	0
152		3	17	2	8	10800	5	59057	5	2	1	8500	1001	306	10	152	7	0	1001	0	1000	0	0	0
153		3	18	2	9	12600	5	59057	5	2	1	9000	1001	306	10	171	7	0	1001	0	1000	0	0	0
154		3	19	3	1	14400	5	59057	10	2	1	19000	1001	306	10	171	7	19	1001	0	1000	0	0	0
155		3	20	3	2	16200	5	59057	10	2	1	20000	1001	306	10	171	7	38	1001	0	1000	0	0	0
156		3	21	3	3	18000	5	59057	10	2	1	21000	1001	306	10	171	7	57	1001	0	1000	0	0	0
157		3	22	3	4	21600	5	59057	10	2	1	22000	1001	306	10	171	7	76	1001	0	1000	0	0	0
158		3	23	3	5	25200	5	59057	10	2	1	23000	1001	306	10	171	7	95	1001	0	1000	0	0	0
159		3	24	3	6	28800	5	59057	10	2	1	24000	1001	306	10	171	7	114	1001	0	1000	0	0	0
160		3	25	3	7	36000	5	59057	10	2	1	25000	1001	306	10	171	7	133	1001	0	1000	0	0	0
161		3	26	3	8	43200	5	59057	10	2	1	26000	1001	306	10	171	7	152	1001	0	1000	0	0	0
162		3	27	3	9	50400	5	59057	10	2	1	27000	1001	306	10	171	7	171	1001	0	1000	0	0	0
163		3	28	4	1	57600	5	59057	15	2	1	42000	1001	306	10	171	7	171	1001	21	1000	0	0	0
164		3	29	4	2	64800	5	59057	15	2	1	43500	1001	306	10	171	7	171	1001	42	1000	0	0	0
165		3	30	4	3	72000	5	59057	15	2	1	45000	1001	306	10	171	7	171	1001	63	1000	0	0	0
166		3	31	4	4	86400	5	59057	15	2	1	46500	1001	306	10	171	7	171	1001	84	1000	0	0	0
167		3	32	4	5	100800	5	59057	15	2	1	48000	1001	306	10	171	7	171	1001	105	1000	0	0	0
168		3	33	4	6	115200	5	59057	15	2	1	49500	1001	306	10	171	7	171	1001	126	1000	0	0	0
169		3	34	4	7	129600	5	59057	15	2	1	51000	1001	306	10	171	7	171	1001	147	1000	0	0	0
170		3	35	4	8	151200	5	59057	15	2	1	52500	1001	306	10	171	7	171	1001	168	1000	0	0	0
171		3	36	4	9	172800	5	59057	15	2	1	54000	1001	306	10	171	7	171	1001	189	1000	0	0	0
172		3	37	5	1	194400	5	59057	20	2	1	74000	1001	306	10	171	7	171	1001	189	1000	30	0	0
173		3	38	5	2	216000	5	59057	20	2	1	76000	1001	306	10	171	7	171	1001	189	1000	60	0	0
174		3	39	5	3	237600	5	59057	20	2	1	78000	1001	306	10	171	7	171	1001	189	1000	90	0	0
175		3	40	5	4	259200	5	59057	20	2	1	80000	1001	306	10	171	7	171	1001	189	1000	120	0	0
176		3	41	5	5	280800	5	59057	20	2	1	82000	1001	306	10	171	7	171	1001	189	1000	150	0	0
177		3	42	5	6	302400	5	59057	20	2	1	84000	1001	306	10	171	7	171	1001	189	1000	180	0	0
178		3	43	5	7	324000	5	59057	20	2	1	86000	1001	306	10	171	7	171	1001	189	1000	210	0	0
179		3	44	5	8	345600	5	59057	20	2	1	88000	1001	306	10	171	7	171	1001	189	1000	240	0	0
180		3	45	5	9	367200	5	59057	20	2	1	90000	1001	306	10	171	7	171	1001	189	1000	270	0	0
181		4	1	1	1	60	5	59058	1	2	1	100	1000	49	9	0	8	0	1001	0	1000	0	0	0
182		4	2	1	2	120	5	59058	1	2	1	200	1000	98	9	0	8	0	1001	0	1000	0	0	0
183		4	3	1	3	300	5	59058	1	2	1	300	1000	147	9	0	8	0	1001	0	1000	0	0	0
184		4	4	1	4	480	5	59058	2	2	1	800	1000	196	9	0	8	0	1001	0	1000	0	0	0
185		4	5	1	5	600	5	59058	2	2	1	1000	1000	245	9	0	8	0	1001	0	1000	0	0	0
186		4	6	1	6	900	5	59058	2	2	1	1200	1000	294	9	0	8	0	1001	0	1000	0	0	0
187		4	7	1	7	1200	5	59058	2	2	1	1400	1000	343	9	0	8	0	1001	0	1000	0	0	0
188		4	8	1	8	1500	5	59058	2	2	1	1600	1000	392	9	0	8	0	1001	0	1000	0	0	0
189		4	9	1	9	1800	5	59058	2	2	1	1800	1000	441	9	0	8	0	1001	0	1000	0	0	0
190		4	10	2	1	2100	5	59058	5	2	1	5000	1000	441	9	19	8	0	1001	0	1000	0	0	0
191		4	11	2	2	2400	5	59058	5	2	1	5500	1000	441	9	38	8	0	1001	0	1000	0	0	0
192		4	12	2	3	2700	5	59058	5	2	1	6000	1000	441	9	57	8	0	1001	0	1000	0	0	0
193		4	13	2	4	3600	5	59058	5	2	1	6500	1000	441	9	76	8	0	1001	0	1000	0	0	0
194		4	14	2	5	5400	5	59058	5	2	1	7000	1000	441	9	95	8	0	1001	0	1000	0	0	0
195		4	15	2	6	7200	5	59058	5	2	1	7500	1000	441	9	114	8	0	1001	0	1000	0	0	0
196		4	16	2	7	9000	5	59058	5	2	1	8000	1000	441	9	133	8	0	1001	0	1000	0	0	0
197		4	17	2	8	10800	5	59058	5	2	1	8500	1000	441	9	152	8	0	1001	0	1000	0	0	0
198		4	18	2	9	12600	5	59058	5	2	1	9000	1000	441	9	171	8	0	1001	0	1000	0	0	0
199		4	19	3	1	14400	5	59058	10	2	1	19000	1000	441	9	171	8	19	1001	0	1000	0	0	0
200		4	20	3	2	16200	5	59058	10	2	1	20000	1000	441	9	171	8	38	1001	0	1000	0	0	0
201		4	21	3	3	18000	5	59058	10	2	1	21000	1000	441	9	171	8	57	1001	0	1000	0	0	0
202		4	22	3	4	21600	5	59058	10	2	1	22000	1000	441	9	171	8	76	1001	0	1000	0	0	0
203		4	23	3	5	25200	5	59058	10	2	1	23000	1000	441	9	171	8	95	1001	0	1000	0	0	0
204		4	24	3	6	28800	5	59058	10	2	1	24000	1000	441	9	171	8	114	1001	0	1000	0	0	0
205		4	25	3	7	36000	5	59058	10	2	1	25000	1000	441	9	171	8	133	1001	0	1000	0	0	0
206		4	26	3	8	43200	5	59058	10	2	1	26000	1000	441	9	171	8	152	1001	0	1000	0	0	0
207		4	27	3	9	50400	5	59058	10	2	1	27000	1000	441	9	171	8	171	1001	0	1000	0	0	0
208		4	28	4	1	57600	5	59058	15	2	1	42000	1000	441	9	171	8	171	1001	21	1000	0	0	0
209		4	29	4	2	64800	5	59058	15	2	1	43500	1000	441	9	171	8	171	1001	42	1000	0	0	0
210		4	30	4	3	72000	5	59058	15	2	1	45000	1000	441	9	171	8	171	1001	63	1000	0	0	0
211		4	31	4	4	86400	5	59058	15	2	1	46500	1000	441	9	171	8	171	1001	84	1000	0	0	0
212		4	32	4	5	100800	5	59058	15	2	1	48000	1000	441	9	171	8	171	1001	105	1000	0	0	0
213		4	33	4	6	115200	5	59058	15	2	1	49500	1000	441	9	171	8	171	1001	126	1000	0	0	0
214		4	34	4	7	129600	5	59058	15	2	1	51000	1000	441	9	171	8	171	1001	147	1000	0	0	0
215		4	35	4	8	151200	5	59058	15	2	1	52500	1000	441	9	171	8	171	1001	168	1000	0	0	0
216		4	36	4	9	172800	5	59058	15	2	1	54000	1000	441	9	171	8	171	1001	189	1000	0	0	0
217		4	37	5	1	194400	5	59058	20	2	1	74000	1000	441	9	171	8	171	1001	189	1000	30	0	0
218		4	38	5	2	216000	5	59058	20	2	1	76000	1000	441	9	171	8	171	1001	189	1000	60	0	0
219		4	39	5	3	237600	5	59058	20	2	1	78000	1000	441	9	171	8	171	1001	189	1000	90	0	0
220		4	40	5	4	259200	5	59058	20	2	1	80000	1000	441	9	171	8	171	1001	189	1000	120	0	0
221		4	41	5	5	280800	5	59058	20	2	1	82000	1000	441	9	171	8	171	1001	189	1000	150	0	0
222		4	42	5	6	302400	5	59058	20	2	1	84000	1000	441	9	171	8	171	1001	189	1000	180	0	0
223		4	43	5	7	324000	5	59058	20	2	1	86000	1000	441	9	171	8	171	1001	189	1000	210	0	0
224		4	44	5	8	345600	5	59058	20	2	1	88000	1000	441	9	171	8	171	1001	189	1000	240	0	0
225		4	45	5	9	367200	5	59058	20	2	1	90000	1000	441	9	171	8	171	1001	189	1000	270	0	0
226		5	1	1	1	60	5	59059	1	2	1	100	0	292	10	0	7	0	1001	0	1000	0	0	0
227		5	2	1	2	120	5	59059	1	2	1	200	0	584	10	0	7	0	1001	0	1000	0	0	0
228		5	3	1	3	300	5	59059	1	2	1	300	0	876	10	0	7	0	1001	0	1000	0	0	0
229		5	4	1	4	480	5	59059	2	2	1	800	0	1168	10	0	7	0	1001	0	1000	0	0	0
230		5	5	1	5	600	5	59059	2	2	1	1000	0	1460	10	0	7	0	1001	0	1000	0	0	0
231		5	6	1	6	900	5	59059	2	2	1	1200	0	1752	10	0	7	0	1001	0	1000	0	0	0
232		5	7	1	7	1200	5	59059	2	2	1	1400	0	2044	10	0	7	0	1001	0	1000	0	0	0
233		5	8	1	8	1500	5	59059	2	2	1	1600	0	2336	10	0	7	0	1001	0	1000	0	0	0
234		5	9	1	9	1800	5	59059	2	2	1	1800	0	2628	10	0	7	0	1001	0	1000	0	0	0
235		5	10	2	1	2100	5	59059	5	2	1	5000	0	2628	10	19	7	0	1001	0	1000	0	0	0
236		5	11	2	2	2400	5	59059	5	2	1	5500	0	2628	10	38	7	0	1001	0	1000	0	0	0
237		5	12	2	3	2700	5	59059	5	2	1	6000	0	2628	10	57	7	0	1001	0	1000	0	0	0
238		5	13	2	4	3600	5	59059	5	2	1	6500	0	2628	10	76	7	0	1001	0	1000	0	0	0
239		5	14	2	5	5400	5	59059	5	2	1	7000	0	2628	10	95	7	0	1001	0	1000	0	0	0
240		5	15	2	6	7200	5	59059	5	2	1	7500	0	2628	10	114	7	0	1001	0	1000	0	0	0
241		5	16	2	7	9000	5	59059	5	2	1	8000	0	2628	10	133	7	0	1001	0	1000	0	0	0
242		5	17	2	8	10800	5	59059	5	2	1	8500	0	2628	10	152	7	0	1001	0	1000	0	0	0
243		5	18	2	9	12600	5	59059	5	2	1	9000	0	2628	10	171	7	0	1001	0	1000	0	0	0
244		5	19	3	1	14400	5	59059	10	2	1	19000	0	2628	10	171	7	19	1001	0	1000	0	0	0
245		5	20	3	2	16200	5	59059	10	2	1	20000	0	2628	10	171	7	38	1001	0	1000	0	0	0
246		5	21	3	3	18000	5	59059	10	2	1	21000	0	2628	10	171	7	57	1001	0	1000	0	0	0
247		5	22	3	4	21600	5	59059	10	2	1	22000	0	2628	10	171	7	76	1001	0	1000	0	0	0
248		5	23	3	5	25200	5	59059	10	2	1	23000	0	2628	10	171	7	95	1001	0	1000	0	0	0
249		5	24	3	6	28800	5	59059	10	2	1	24000	0	2628	10	171	7	114	1001	0	1000	0	0	0
250		5	25	3	7	36000	5	59059	10	2	1	25000	0	2628	10	171	7	133	1001	0	1000	0	0	0
251		5	26	3	8	43200	5	59059	10	2	1	26000	0	2628	10	171	7	152	1001	0	1000	0	0	0
252		5	27	3	9	50400	5	59059	10	2	1	27000	0	2628	10	171	7	171	1001	0	1000	0	0	0
253		5	28	4	1	57600	5	59059	15	2	1	42000	0	2628	10	171	7	171	1001	21	1000	0	0	0
254		5	29	4	2	64800	5	59059	15	2	1	43500	0	2628	10	171	7	171	1001	42	1000	0	0	0
255		5	30	4	3	72000	5	59059	15	2	1	45000	0	2628	10	171	7	171	1001	63	1000	0	0	0
256		5	31	4	4	86400	5	59059	15	2	1	46500	0	2628	10	171	7	171	1001	84	1000	0	0	0
257		5	32	4	5	100800	5	59059	15	2	1	48000	0	2628	10	171	7	171	1001	105	1000	0	0	0
258		5	33	4	6	115200	5	59059	15	2	1	49500	0	2628	10	171	7	171	1001	126	1000	0	0	0
259		5	34	4	7	129600	5	59059	15	2	1	51000	0	2628	10	171	7	171	1001	147	1000	0	0	0
260		5	35	4	8	151200	5	59059	15	2	1	52500	0	2628	10	171	7	171	1001	168	1000	0	0	0
261		5	36	4	9	172800	5	59059	15	2	1	54000	0	2628	10	171	7	171	1001	189	1000	0	0	0
262		5	37	5	1	194400	5	59059	20	2	1	74000	0	2628	10	171	7	171	1001	189	1000	30	0	0
263		5	38	5	2	216000	5	59059	20	2	1	76000	0	2628	10	171	7	171	1001	189	1000	60	0	0
264		5	39	5	3	237600	5	59059	20	2	1	78000	0	2628	10	171	7	171	1001	189	1000	90	0	0
265		5	40	5	4	259200	5	59059	20	2	1	80000	0	2628	10	171	7	171	1001	189	1000	120	0	0
266		5	41	5	5	280800	5	59059	20	2	1	82000	0	2628	10	171	7	171	1001	189	1000	150	0	0
267		5	42	5	6	302400	5	59059	20	2	1	84000	0	2628	10	171	7	171	1001	189	1000	180	0	0
268		5	43	5	7	324000	5	59059	20	2	1	86000	0	2628	10	171	7	171	1001	189	1000	210	0	0
269		5	44	5	8	345600	5	59059	20	2	1	88000	0	2628	10	171	7	171	1001	189	1000	240	0	0
270		5	45	5	9	367200	5	59059	20	2	1	90000	0	2628	10	171	7	171	1001	189	1000	270	0	0
271		6	1	1	1	60	5	59060	1	2	1	100	0	234	10	0	8	0	1001	0	1000	0	0	0
272		6	2	1	2	120	5	59060	1	2	1	200	0	468	10	0	8	0	1001	0	1000	0	0	0
273		6	3	1	3	300	5	59060	1	2	1	300	0	702	10	0	8	0	1001	0	1000	0	0	0
274		6	4	1	4	480	5	59060	2	2	1	800	0	936	10	0	8	0	1001	0	1000	0	0	0
275		6	5	1	5	600	5	59060	2	2	1	1000	0	1170	10	0	8	0	1001	0	1000	0	0	0
276		6	6	1	6	900	5	59060	2	2	1	1200	0	1404	10	0	8	0	1001	0	1000	0	0	0
277		6	7	1	7	1200	5	59060	2	2	1	1400	0	1638	10	0	8	0	1001	0	1000	0	0	0
278		6	8	1	8	1500	5	59060	2	2	1	1600	0	1872	10	0	8	0	1001	0	1000	0	0	0
279		6	9	1	9	1800	5	59060	2	2	1	1800	0	2106	10	0	8	0	1001	0	1000	0	0	0
280		6	10	2	1	2100	5	59060	5	2	1	5000	0	2106	10	16	8	0	1001	0	1000	0	0	0
281		6	11	2	2	2400	5	59060	5	2	1	5500	0	2106	10	32	8	0	1001	0	1000	0	0	0
282		6	12	2	3	2700	5	59060	5	2	1	6000	0	2106	10	48	8	0	1001	0	1000	0	0	0
283		6	13	2	4	3600	5	59060	5	2	1	6500	0	2106	10	64	8	0	1001	0	1000	0	0	0
284		6	14	2	5	5400	5	59060	5	2	1	7000	0	2106	10	80	8	0	1001	0	1000	0	0	0
285		6	15	2	6	7200	5	59060	5	2	1	7500	0	2106	10	96	8	0	1001	0	1000	0	0	0
286		6	16	2	7	9000	5	59060	5	2	1	8000	0	2106	10	112	8	0	1001	0	1000	0	0	0
287		6	17	2	8	10800	5	59060	5	2	1	8500	0	2106	10	128	8	0	1001	0	1000	0	0	0
288		6	18	2	9	12600	5	59060	5	2	1	9000	0	2106	10	144	8	0	1001	0	1000	0	0	0
289		6	19	3	1	14400	5	59060	10	2	1	19000	0	2106	10	144	8	16	1001	0	1000	0	0	0
290		6	20	3	2	16200	5	59060	10	2	1	20000	0	2106	10	144	8	32	1001	0	1000	0	0	0
291		6	21	3	3	18000	5	59060	10	2	1	21000	0	2106	10	144	8	48	1001	0	1000	0	0	0
292		6	22	3	4	21600	5	59060	10	2	1	22000	0	2106	10	144	8	64	1001	0	1000	0	0	0
293		6	23	3	5	25200	5	59060	10	2	1	23000	0	2106	10	144	8	80	1001	0	1000	0	0	0
294		6	24	3	6	28800	5	59060	10	2	1	24000	0	2106	10	144	8	96	1001	0	1000	0	0	0
295		6	25	3	7	36000	5	59060	10	2	1	25000	0	2106	10	144	8	112	1001	0	1000	0	0	0
296		6	26	3	8	43200	5	59060	10	2	1	26000	0	2106	10	144	8	128	1001	0	1000	0	0	0
297		6	27	3	9	50400	5	59060	10	2	1	27000	0	2106	10	144	8	144	1001	0	1000	0	0	0
298		6	28	4	1	57600	5	59060	15	2	1	42000	0	2106	10	144	8	144	1001	17	1000	0	0	0
299		6	29	4	2	64800	5	59060	15	2	1	43500	0	2106	10	144	8	144	1001	34	1000	0	0	0
300		6	30	4	3	72000	5	59060	15	2	1	45000	0	2106	10	144	8	144	1001	51	1000	0	0	0
301		6	31	4	4	86400	5	59060	15	2	1	46500	0	2106	10	144	8	144	1001	68	1000	0	0	0
302		6	32	4	5	100800	5	59060	15	2	1	48000	0	2106	10	144	8	144	1001	85	1000	0	0	0
303		6	33	4	6	115200	5	59060	15	2	1	49500	0	2106	10	144	8	144	1001	102	1000	0	0	0
304		6	34	4	7	129600	5	59060	15	2	1	51000	0	2106	10	144	8	144	1001	119	1000	0	0	0
305		6	35	4	8	151200	5	59060	15	2	1	52500	0	2106	10	144	8	144	1001	136	1000	0	0	0
306		6	36	4	9	172800	5	59060	15	2	1	54000	0	2106	10	144	8	144	1001	153	1000	0	0	0
307		6	37	5	1	194400	5	59060	20	2	1	74000	0	2106	10	144	8	144	1001	153	1000	24	0	0
308		6	38	5	2	216000	5	59060	20	2	1	76000	0	2106	10	144	8	144	1001	153	1000	48	0	0
309		6	39	5	3	237600	5	59060	20	2	1	78000	0	2106	10	144	8	144	1001	153	1000	72	0	0
310		6	40	5	4	259200	5	59060	20	2	1	80000	0	2106	10	144	8	144	1001	153	1000	96	0	0
311		6	41	5	5	280800	5	59060	20	2	1	82000	0	2106	10	144	8	144	1001	153	1000	120	0	0
312		6	42	5	6	302400	5	59060	20	2	1	84000	0	2106	10	144	8	144	1001	153	1000	144	0	0
313		6	43	5	7	324000	5	59060	20	2	1	86000	0	2106	10	144	8	144	1001	153	1000	168	0	0
314		6	44	5	8	345600	5	59060	20	2	1	88000	0	2106	10	144	8	144	1001	153	1000	192	0	0
315		6	45	5	9	367200	5	59060	20	2	1	90000	0	2106	10	144	8	144	1001	153	1000	216	0	0
316		7	1	1	1	60	5	59061	1	2	1	100	1000	49	9	0	7	0	1001	0	1000	0	0	0
317		7	2	1	2	120	5	59061	1	2	1	200	1000	98	9	0	7	0	1001	0	1000	0	0	0
318		7	3	1	3	300	5	59061	1	2	1	300	1000	147	9	0	7	0	1001	0	1000	0	0	0
319		7	4	1	4	480	5	59061	2	2	1	800	1000	196	9	0	7	0	1001	0	1000	0	0	0
320		7	5	1	5	600	5	59061	2	2	1	1000	1000	245	9	0	7	0	1001	0	1000	0	0	0
321		7	6	1	6	900	5	59061	2	2	1	1200	1000	294	9	0	7	0	1001	0	1000	0	0	0
322		7	7	1	7	1200	5	59061	2	2	1	1400	1000	343	9	0	7	0	1001	0	1000	0	0	0
323		7	8	1	8	1500	5	59061	2	2	1	1600	1000	392	9	0	7	0	1001	0	1000	0	0	0
324		7	9	1	9	1800	5	59061	2	2	1	1800	1000	441	9	0	7	0	1001	0	1000	0	0	0
325		7	10	2	1	2100	5	59061	5	2	1	5000	1000	441	9	19	7	0	1001	0	1000	0	0	0
326		7	11	2	2	2400	5	59061	5	2	1	5500	1000	441	9	38	7	0	1001	0	1000	0	0	0
327		7	12	2	3	2700	5	59061	5	2	1	6000	1000	441	9	57	7	0	1001	0	1000	0	0	0
328		7	13	2	4	3600	5	59061	5	2	1	6500	1000	441	9	76	7	0	1001	0	1000	0	0	0
329		7	14	2	5	5400	5	59061	5	2	1	7000	1000	441	9	95	7	0	1001	0	1000	0	0	0
330		7	15	2	6	7200	5	59061	5	2	1	7500	1000	441	9	114	7	0	1001	0	1000	0	0	0
331		7	16	2	7	9000	5	59061	5	2	1	8000	1000	441	9	133	7	0	1001	0	1000	0	0	0
332		7	17	2	8	10800	5	59061	5	2	1	8500	1000	441	9	152	7	0	1001	0	1000	0	0	0
333		7	18	2	9	12600	5	59061	5	2	1	9000	1000	441	9	171	7	0	1001	0	1000	0	0	0
334		7	19	3	1	14400	5	59061	10	2	1	19000	1000	441	9	171	7	19	1001	0	1000	0	0	0
335		7	20	3	2	16200	5	59061	10	2	1	20000	1000	441	9	171	7	38	1001	0	1000	0	0	0
336		7	21	3	3	18000	5	59061	10	2	1	21000	1000	441	9	171	7	57	1001	0	1000	0	0	0
337		7	22	3	4	21600	5	59061	10	2	1	22000	1000	441	9	171	7	76	1001	0	1000	0	0	0
338		7	23	3	5	25200	5	59061	10	2	1	23000	1000	441	9	171	7	95	1001	0	1000	0	0	0
339		7	24	3	6	28800	5	59061	10	2	1	24000	1000	441	9	171	7	114	1001	0	1000	0	0	0
340		7	25	3	7	36000	5	59061	10	2	1	25000	1000	441	9	171	7	133	1001	0	1000	0	0	0
341		7	26	3	8	43200	5	59061	10	2	1	26000	1000	441	9	171	7	152	1001	0	1000	0	0	0
342		7	27	3	9	50400	5	59061	10	2	1	27000	1000	441	9	171	7	171	1001	0	1000	0	0	0
343		7	28	4	1	57600	5	59061	15	2	1	42000	1000	441	9	171	7	171	1001	21	1000	0	0	0
344		7	29	4	2	64800	5	59061	15	2	1	43500	1000	441	9	171	7	171	1001	42	1000	0	0	0
345		7	30	4	3	72000	5	59061	15	2	1	45000	1000	441	9	171	7	171	1001	63	1000	0	0	0
346		7	31	4	4	86400	5	59061	15	2	1	46500	1000	441	9	171	7	171	1001	84	1000	0	0	0
347		7	32	4	5	100800	5	59061	15	2	1	48000	1000	441	9	171	7	171	1001	105	1000	0	0	0
348		7	33	4	6	115200	5	59061	15	2	1	49500	1000	441	9	171	7	171	1001	126	1000	0	0	0
349		7	34	4	7	129600	5	59061	15	2	1	51000	1000	441	9	171	7	171	1001	147	1000	0	0	0
350		7	35	4	8	151200	5	59061	15	2	1	52500	1000	441	9	171	7	171	1001	168	1000	0	0	0
351		7	36	4	9	172800	5	59061	15	2	1	54000	1000	441	9	171	7	171	1001	189	1000	0	0	0
352		7	37	5	1	194400	5	59061	20	2	1	74000	1000	441	9	171	7	171	1001	189	1000	30	0	0
353		7	38	5	2	216000	5	59061	20	2	1	76000	1000	441	9	171	7	171	1001	189	1000	60	0	0
354		7	39	5	3	237600	5	59061	20	2	1	78000	1000	441	9	171	7	171	1001	189	1000	90	0	0
355		7	40	5	4	259200	5	59061	20	2	1	80000	1000	441	9	171	7	171	1001	189	1000	120	0	0
356		7	41	5	5	280800	5	59061	20	2	1	82000	1000	441	9	171	7	171	1001	189	1000	150	0	0
357		7	42	5	6	302400	5	59061	20	2	1	84000	1000	441	9	171	7	171	1001	189	1000	180	0	0
358		7	43	5	7	324000	5	59061	20	2	1	86000	1000	441	9	171	7	171	1001	189	1000	210	0	0
359		7	44	5	8	345600	5	59061	20	2	1	88000	1000	441	9	171	7	171	1001	189	1000	240	0	0
360		7	45	5	9	367200	5	59061	20	2	1	90000	1000	441	9	171	7	171	1001	189	1000	270	0	0
361		8	1	1	1	60	5	59062	1	2	1	100	0	292	9	0	8	0	1001	0	1000	0	0	0
362		8	2	1	2	120	5	59062	1	2	1	200	0	584	9	0	8	0	1001	0	1000	0	0	0
363		8	3	1	3	300	5	59062	1	2	1	300	0	876	9	0	8	0	1001	0	1000	0	0	0
364		8	4	1	4	480	5	59062	2	2	1	800	0	1168	9	0	8	0	1001	0	1000	0	0	0
365		8	5	1	5	600	5	59062	2	2	1	1000	0	1460	9	0	8	0	1001	0	1000	0	0	0
366		8	6	1	6	900	5	59062	2	2	1	1200	0	1752	9	0	8	0	1001	0	1000	0	0	0
367		8	7	1	7	1200	5	59062	2	2	1	1400	0	2044	9	0	8	0	1001	0	1000	0	0	0
368		8	8	1	8	1500	5	59062	2	2	1	1600	0	2336	9	0	8	0	1001	0	1000	0	0	0
369		8	9	1	9	1800	5	59062	2	2	1	1800	0	2628	9	0	8	0	1001	0	1000	0	0	0
370		8	10	2	1	2100	5	59062	5	2	1	5000	0	2628	9	19	8	0	1001	0	1000	0	0	0
371		8	11	2	2	2400	5	59062	5	2	1	5500	0	2628	9	38	8	0	1001	0	1000	0	0	0
372		8	12	2	3	2700	5	59062	5	2	1	6000	0	2628	9	57	8	0	1001	0	1000	0	0	0
373		8	13	2	4	3600	5	59062	5	2	1	6500	0	2628	9	76	8	0	1001	0	1000	0	0	0
374		8	14	2	5	5400	5	59062	5	2	1	7000	0	2628	9	95	8	0	1001	0	1000	0	0	0
375		8	15	2	6	7200	5	59062	5	2	1	7500	0	2628	9	114	8	0	1001	0	1000	0	0	0
376		8	16	2	7	9000	5	59062	5	2	1	8000	0	2628	9	133	8	0	1001	0	1000	0	0	0
377		8	17	2	8	10800	5	59062	5	2	1	8500	0	2628	9	152	8	0	1001	0	1000	0	0	0
378		8	18	2	9	12600	5	59062	5	2	1	9000	0	2628	9	171	8	0	1001	0	1000	0	0	0
379		8	19	3	1	14400	5	59062	10	2	1	19000	0	2628	9	171	8	19	1001	0	1000	0	0	0
380		8	20	3	2	16200	5	59062	10	2	1	20000	0	2628	9	171	8	38	1001	0	1000	0	0	0
381		8	21	3	3	18000	5	59062	10	2	1	21000	0	2628	9	171	8	57	1001	0	1000	0	0	0
382		8	22	3	4	21600	5	59062	10	2	1	22000	0	2628	9	171	8	76	1001	0	1000	0	0	0
383		8	23	3	5	25200	5	59062	10	2	1	23000	0	2628	9	171	8	95	1001	0	1000	0	0	0
384		8	24	3	6	28800	5	59062	10	2	1	24000	0	2628	9	171	8	114	1001	0	1000	0	0	0
385		8	25	3	7	36000	5	59062	10	2	1	25000	0	2628	9	171	8	133	1001	0	1000	0	0	0
386		8	26	3	8	43200	5	59062	10	2	1	26000	0	2628	9	171	8	152	1001	0	1000	0	0	0
387		8	27	3	9	50400	5	59062	10	2	1	27000	0	2628	9	171	8	171	1001	0	1000	0	0	0
388		8	28	4	1	57600	5	59062	15	2	1	42000	0	2628	9	171	8	171	1001	21	1000	0	0	0
389		8	29	4	2	64800	5	59062	15	2	1	43500	0	2628	9	171	8	171	1001	42	1000	0	0	0
390		8	30	4	3	72000	5	59062	15	2	1	45000	0	2628	9	171	8	171	1001	63	1000	0	0	0
391		8	31	4	4	86400	5	59062	15	2	1	46500	0	2628	9	171	8	171	1001	84	1000	0	0	0
392		8	32	4	5	100800	5	59062	15	2	1	48000	0	2628	9	171	8	171	1001	105	1000	0	0	0
393		8	33	4	6	115200	5	59062	15	2	1	49500	0	2628	9	171	8	171	1001	126	1000	0	0	0
394		8	34	4	7	129600	5	59062	15	2	1	51000	0	2628	9	171	8	171	1001	147	1000	0	0	0
395		8	35	4	8	151200	5	59062	15	2	1	52500	0	2628	9	171	8	171	1001	168	1000	0	0	0
396		8	36	4	9	172800	5	59062	15	2	1	54000	0	2628	9	171	8	171	1001	189	1000	0	0	0
397		8	37	5	1	194400	5	59062	20	2	1	74000	0	2628	9	171	8	171	1001	189	1000	30	0	0
398		8	38	5	2	216000	5	59062	20	2	1	76000	0	2628	9	171	8	171	1001	189	1000	60	0	0
399		8	39	5	3	237600	5	59062	20	2	1	78000	0	2628	9	171	8	171	1001	189	1000	90	0	0
400		8	40	5	4	259200	5	59062	20	2	1	80000	0	2628	9	171	8	171	1001	189	1000	120	0	0
401		8	41	5	5	280800	5	59062	20	2	1	82000	0	2628	9	171	8	171	1001	189	1000	150	0	0
402		8	42	5	6	302400	5	59062	20	2	1	84000	0	2628	9	171	8	171	1001	189	1000	180	0	0
403		8	43	5	7	324000	5	59062	20	2	1	86000	0	2628	9	171	8	171	1001	189	1000	210	0	0
404		8	44	5	8	345600	5	59062	20	2	1	88000	0	2628	9	171	8	171	1001	189	1000	240	0	0
405		8	45	5	9	367200	5	59062	20	2	1	90000	0	2628	9	171	8	171	1001	189	1000	270	0	0
406		9	1	1	1	60	5	56535	1	2	1	100	1001	20	9	0	8	0	1001	0	1000	0	0	0
407		9	2	1	2	120	5	56535	1	2	1	200	1001	40	9	0	8	0	1001	0	1000	0	0	0
408		9	3	1	3	300	5	56535	1	2	1	300	1001	60	9	0	8	0	1001	0	1000	0	0	0
409		9	4	1	4	480	5	56535	2	2	1	800	1001	80	9	0	8	0	1001	0	1000	0	0	0
410		9	5	1	5	600	5	56535	2	2	1	1000	1001	100	9	0	8	0	1001	0	1000	0	0	0
411		9	6	1	6	900	5	56535	2	2	1	1200	1001	120	9	0	8	0	1001	0	1000	0	0	0
412		9	7	1	7	1200	5	56535	2	2	1	1400	1001	140	9	0	8	0	1001	0	1000	0	0	0
413		9	8	1	8	1500	5	56535	2	2	1	1600	1001	160	9	0	8	0	1001	0	1000	0	0	0
414		9	9	1	9	1800	5	56535	2	2	1	1800	1001	180	9	0	8	0	1001	0	1000	0	0	0
415		9	10	2	1	2100	5	56535	5	2	1	5000	1001	180	9	12	8	0	1001	0	1000	0	0	0
416		9	11	2	2	2400	5	56535	5	2	1	5500	1001	180	9	24	8	0	1001	0	1000	0	0	0
417		9	12	2	3	2700	5	56535	5	2	1	6000	1001	180	9	36	8	0	1001	0	1000	0	0	0
418		9	13	2	4	3600	5	56535	5	2	1	6500	1001	180	9	48	8	0	1001	0	1000	0	0	0
419		9	14	2	5	5400	5	56535	5	2	1	7000	1001	180	9	60	8	0	1001	0	1000	0	0	0
420		9	15	2	6	7200	5	56535	5	2	1	7500	1001	180	9	72	8	0	1001	0	1000	0	0	0
421		9	16	2	7	9000	5	56535	5	2	1	8000	1001	180	9	84	8	0	1001	0	1000	0	0	0
422		9	17	2	8	10800	5	56535	5	2	1	8500	1001	180	9	96	8	0	1001	0	1000	0	0	0
423		9	18	2	9	12600	5	56535	5	2	1	9000	1001	180	9	108	8	0	1001	0	1000	0	0	0
424		9	19	3	1	14400	5	56535	10	2	1	19000	1001	180	9	108	8	12	1001	0	1000	0	0	0
425		9	20	3	2	16200	5	56535	10	2	1	20000	1001	180	9	108	8	24	1001	0	1000	0	0	0
426		9	21	3	3	18000	5	56535	10	2	1	21000	1001	180	9	108	8	36	1001	0	1000	0	0	0
427		9	22	3	4	21600	5	56535	10	2	1	22000	1001	180	9	108	8	48	1001	0	1000	0	0	0
428		9	23	3	5	25200	5	56535	10	2	1	23000	1001	180	9	108	8	60	1001	0	1000	0	0	0
429		9	24	3	6	28800	5	56535	10	2	1	24000	1001	180	9	108	8	72	1001	0	1000	0	0	0
430		9	25	3	7	36000	5	56535	10	2	1	25000	1001	180	9	108	8	84	1001	0	1000	0	0	0
431		9	26	3	8	43200	5	56535	10	2	1	26000	1001	180	9	108	8	96	1001	0	1000	0	0	0
432		9	27	3	9	50400	5	56535	10	2	1	27000	1001	180	9	108	8	108	1001	0	1000	0	0	0
433		9	28	4	1	57600	5	56535	15	2	1	42000	1001	180	9	108	8	108	1001	13	1000	0	0	0
434		9	29	4	2	64800	5	56535	15	2	1	43500	1001	180	9	108	8	108	1001	26	1000	0	0	0
435		9	30	4	3	72000	5	56535	15	2	1	45000	1001	180	9	108	8	108	1001	39	1000	0	0	0
436		9	31	4	4	86400	5	56535	15	2	1	46500	1001	180	9	108	8	108	1001	52	1000	0	0	0
437		9	32	4	5	100800	5	56535	15	2	1	48000	1001	180	9	108	8	108	1001	65	1000	0	0	0
438		9	33	4	6	115200	5	56535	15	2	1	49500	1001	180	9	108	8	108	1001	78	1000	0	0	0
439		9	34	4	7	129600	5	56535	15	2	1	51000	1001	180	9	108	8	108	1001	91	1000	0	0	0
440		9	35	4	8	151200	5	56535	15	2	1	52500	1001	180	9	108	8	108	1001	104	1000	0	0	0
441		9	36	4	9	172800	5	56535	15	2	1	54000	1001	180	9	108	8	108	1001	117	1000	0	0	0
442		9	37	5	1	194400	5	56535	20	2	1	74000	1001	180	9	108	8	108	1001	117	1000	18	0	0
443		9	38	5	2	216000	5	56535	20	2	1	76000	1001	180	9	108	8	108	1001	117	1000	36	0	0
444		9	39	5	3	237600	5	56535	20	2	1	78000	1001	180	9	108	8	108	1001	117	1000	54	0	0
445		9	40	5	4	259200	5	56535	20	2	1	80000	1001	180	9	108	8	108	1001	117	1000	72	0	0
446		9	41	5	5	280800	5	56535	20	2	1	82000	1001	180	9	108	8	108	1001	117	1000	90	0	0
447		9	42	5	6	302400	5	56535	20	2	1	84000	1001	180	9	108	8	108	1001	117	1000	108	0	0
448		9	43	5	7	324000	5	56535	20	2	1	86000	1001	180	9	108	8	108	1001	117	1000	126	0	0
449		9	44	5	8	345600	5	56535	20	2	1	88000	1001	180	9	108	8	108	1001	117	1000	144	0	0
450		9	45	5	9	367200	5	56535	20	2	1	90000	1001	180	9	108	8	108	1001	117	1000	162	0	0
451		10	1	1	1	60	5	56537	1	2	1	100	1001	17	9	0	7	0	1001	0	1000	0	0	0
452		10	2	1	2	120	5	56537	1	2	1	200	1001	34	9	0	7	0	1001	0	1000	0	0	0
453		10	3	1	3	300	5	56537	1	2	1	300	1001	51	9	0	7	0	1001	0	1000	0	0	0
454		10	4	1	4	480	5	56537	2	2	1	800	1001	68	9	0	7	0	1001	0	1000	0	0	0
455		10	5	1	5	600	5	56537	2	2	1	1000	1001	85	9	0	7	0	1001	0	1000	0	0	0
456		10	6	1	6	900	5	56537	2	2	1	1200	1001	102	9	0	7	0	1001	0	1000	0	0	0
457		10	7	1	7	1200	5	56537	2	2	1	1400	1001	119	9	0	7	0	1001	0	1000	0	0	0
458		10	8	1	8	1500	5	56537	2	2	1	1600	1001	136	9	0	7	0	1001	0	1000	0	0	0
459		10	9	1	9	1800	5	56537	2	2	1	1800	1001	153	9	0	7	0	1001	0	1000	0	0	0
460		10	10	2	1	2100	5	56537	5	2	1	5000	1001	153	9	10	7	0	1001	0	1000	0	0	0
461		10	11	2	2	2400	5	56537	5	2	1	5500	1001	153	9	20	7	0	1001	0	1000	0	0	0
462		10	12	2	3	2700	5	56537	5	2	1	6000	1001	153	9	30	7	0	1001	0	1000	0	0	0
463		10	13	2	4	3600	5	56537	5	2	1	6500	1001	153	9	40	7	0	1001	0	1000	0	0	0
464		10	14	2	5	5400	5	56537	5	2	1	7000	1001	153	9	50	7	0	1001	0	1000	0	0	0
465		10	15	2	6	7200	5	56537	5	2	1	7500	1001	153	9	60	7	0	1001	0	1000	0	0	0
466		10	16	2	7	9000	5	56537	5	2	1	8000	1001	153	9	70	7	0	1001	0	1000	0	0	0
467		10	17	2	8	10800	5	56537	5	2	1	8500	1001	153	9	80	7	0	1001	0	1000	0	0	0
468		10	18	2	9	12600	5	56537	5	2	1	9000	1001	153	9	90	7	0	1001	0	1000	0	0	0
469		10	19	3	1	14400	5	56537	10	2	1	19000	1001	153	9	90	7	10	1001	0	1000	0	0	0
470		10	20	3	2	16200	5	56537	10	2	1	20000	1001	153	9	90	7	20	1001	0	1000	0	0	0
471		10	21	3	3	18000	5	56537	10	2	1	21000	1001	153	9	90	7	30	1001	0	1000	0	0	0
472		10	22	3	4	21600	5	56537	10	2	1	22000	1001	153	9	90	7	40	1001	0	1000	0	0	0
473		10	23	3	5	25200	5	56537	10	2	1	23000	1001	153	9	90	7	50	1001	0	1000	0	0	0
474		10	24	3	6	28800	5	56537	10	2	1	24000	1001	153	9	90	7	60	1001	0	1000	0	0	0
475		10	25	3	7	36000	5	56537	10	2	1	25000	1001	153	9	90	7	70	1001	0	1000	0	0	0
476		10	26	3	8	43200	5	56537	10	2	1	26000	1001	153	9	90	7	80	1001	0	1000	0	0	0
477		10	27	3	9	50400	5	56537	10	2	1	27000	1001	153	9	90	7	90	1001	0	1000	0	0	0
478		10	28	4	1	57600	5	56537	15	2	1	42000	1001	153	9	90	7	90	1001	11	1000	0	0	0
479		10	29	4	2	64800	5	56537	15	2	1	43500	1001	153	9	90	7	90	1001	22	1000	0	0	0
480		10	30	4	3	72000	5	56537	15	2	1	45000	1001	153	9	90	7	90	1001	33	1000	0	0	0
481		10	31	4	4	86400	5	56537	15	2	1	46500	1001	153	9	90	7	90	1001	44	1000	0	0	0
482		10	32	4	5	100800	5	56537	15	2	1	48000	1001	153	9	90	7	90	1001	55	1000	0	0	0
483		10	33	4	6	115200	5	56537	15	2	1	49500	1001	153	9	90	7	90	1001	66	1000	0	0	0
484		10	34	4	7	129600	5	56537	15	2	1	51000	1001	153	9	90	7	90	1001	77	1000	0	0	0
485		10	35	4	8	151200	5	56537	15	2	1	52500	1001	153	9	90	7	90	1001	88	1000	0	0	0
486		10	36	4	9	172800	5	56537	15	2	1	54000	1001	153	9	90	7	90	1001	99	1000	0	0	0
487		10	37	5	1	194400	5	56537	20	2	1	74000	1001	153	9	90	7	90	1001	99	1000	15	0	0
488		10	38	5	2	216000	5	56537	20	2	1	76000	1001	153	9	90	7	90	1001	99	1000	30	0	0
489		10	39	5	3	237600	5	56537	20	2	1	78000	1001	153	9	90	7	90	1001	99	1000	45	0	0
490		10	40	5	4	259200	5	56537	20	2	1	80000	1001	153	9	90	7	90	1001	99	1000	60	0	0
491		10	41	5	5	280800	5	56537	20	2	1	82000	1001	153	9	90	7	90	1001	99	1000	75	0	0
492		10	42	5	6	302400	5	56537	20	2	1	84000	1001	153	9	90	7	90	1001	99	1000	90	0	0
493		10	43	5	7	324000	5	56537	20	2	1	86000	1001	153	9	90	7	90	1001	99	1000	105	0	0
494		10	44	5	8	345600	5	56537	20	2	1	88000	1001	153	9	90	7	90	1001	99	1000	120	0	0
495		10	45	5	9	367200	5	56537	20	2	1	90000	1001	153	9	90	7	90	1001	99	1000	135	0	0
496		11	1	1	1	60	5	56536	1	2	1	100	1000	29	10	0	7	0	1001	0	1000	0	0	0
497		11	2	1	2	120	5	56536	1	2	1	200	1000	58	10	0	7	0	1001	0	1000	0	0	0
498		11	3	1	3	300	5	56536	1	2	1	300	1000	87	10	0	7	0	1001	0	1000	0	0	0
499		11	4	1	4	480	5	56536	2	2	1	800	1000	116	10	0	7	0	1001	0	1000	0	0	0
500		11	5	1	5	600	5	56536	2	2	1	1000	1000	145	10	0	7	0	1001	0	1000	0	0	0
501		11	6	1	6	900	5	56536	2	2	1	1200	1000	174	10	0	7	0	1001	0	1000	0	0	0
502		11	7	1	7	1200	5	56536	2	2	1	1400	1000	203	10	0	7	0	1001	0	1000	0	0	0
503		11	8	1	8	1500	5	56536	2	2	1	1600	1000	232	10	0	7	0	1001	0	1000	0	0	0
504		11	9	1	9	1800	5	56536	2	2	1	1800	1000	261	10	0	7	0	1001	0	1000	0	0	0
505		11	10	2	1	2100	5	56536	5	2	1	5000	1000	261	10	12	7	0	1001	0	1000	0	0	0
506		11	11	2	2	2400	5	56536	5	2	1	5500	1000	261	10	24	7	0	1001	0	1000	0	0	0
507		11	12	2	3	2700	5	56536	5	2	1	6000	1000	261	10	36	7	0	1001	0	1000	0	0	0
508		11	13	2	4	3600	5	56536	5	2	1	6500	1000	261	10	48	7	0	1001	0	1000	0	0	0
509		11	14	2	5	5400	5	56536	5	2	1	7000	1000	261	10	60	7	0	1001	0	1000	0	0	0
510		11	15	2	6	7200	5	56536	5	2	1	7500	1000	261	10	72	7	0	1001	0	1000	0	0	0
511		11	16	2	7	9000	5	56536	5	2	1	8000	1000	261	10	84	7	0	1001	0	1000	0	0	0
512		11	17	2	8	10800	5	56536	5	2	1	8500	1000	261	10	96	7	0	1001	0	1000	0	0	0
513		11	18	2	9	12600	5	56536	5	2	1	9000	1000	261	10	108	7	0	1001	0	1000	0	0	0
514		11	19	3	1	14400	5	56536	10	2	1	19000	1000	261	10	108	7	12	1001	0	1000	0	0	0
515		11	20	3	2	16200	5	56536	10	2	1	20000	1000	261	10	108	7	24	1001	0	1000	0	0	0
516		11	21	3	3	18000	5	56536	10	2	1	21000	1000	261	10	108	7	36	1001	0	1000	0	0	0
517		11	22	3	4	21600	5	56536	10	2	1	22000	1000	261	10	108	7	48	1001	0	1000	0	0	0
518		11	23	3	5	25200	5	56536	10	2	1	23000	1000	261	10	108	7	60	1001	0	1000	0	0	0
519		11	24	3	6	28800	5	56536	10	2	1	24000	1000	261	10	108	7	72	1001	0	1000	0	0	0
520		11	25	3	7	36000	5	56536	10	2	1	25000	1000	261	10	108	7	84	1001	0	1000	0	0	0
521		11	26	3	8	43200	5	56536	10	2	1	26000	1000	261	10	108	7	96	1001	0	1000	0	0	0
522		11	27	3	9	50400	5	56536	10	2	1	27000	1000	261	10	108	7	108	1001	0	1000	0	0	0
523		11	28	4	1	57600	5	56536	15	2	1	42000	1000	261	10	108	7	108	1001	13	1000	0	0	0
524		11	29	4	2	64800	5	56536	15	2	1	43500	1000	261	10	108	7	108	1001	26	1000	0	0	0
525		11	30	4	3	72000	5	56536	15	2	1	45000	1000	261	10	108	7	108	1001	39	1000	0	0	0
526		11	31	4	4	86400	5	56536	15	2	1	46500	1000	261	10	108	7	108	1001	52	1000	0	0	0
527		11	32	4	5	100800	5	56536	15	2	1	48000	1000	261	10	108	7	108	1001	65	1000	0	0	0
528		11	33	4	6	115200	5	56536	15	2	1	49500	1000	261	10	108	7	108	1001	78	1000	0	0	0
529		11	34	4	7	129600	5	56536	15	2	1	51000	1000	261	10	108	7	108	1001	91	1000	0	0	0
530		11	35	4	8	151200	5	56536	15	2	1	52500	1000	261	10	108	7	108	1001	104	1000	0	0	0
531		11	36	4	9	172800	5	56536	15	2	1	54000	1000	261	10	108	7	108	1001	117	1000	0	0	0
532		11	37	5	1	194400	5	56536	20	2	1	74000	1000	261	10	108	7	108	1001	117	1000	18	0	0
533		11	38	5	2	216000	5	56536	20	2	1	76000	1000	261	10	108	7	108	1001	117	1000	36	0	0
534		11	39	5	3	237600	5	56536	20	2	1	78000	1000	261	10	108	7	108	1001	117	1000	54	0	0
535		11	40	5	4	259200	5	56536	20	2	1	80000	1000	261	10	108	7	108	1001	117	1000	72	0	0
536		11	41	5	5	280800	5	56536	20	2	1	82000	1000	261	10	108	7	108	1001	117	1000	90	0	0
537		11	42	5	6	302400	5	56536	20	2	1	84000	1000	261	10	108	7	108	1001	117	1000	108	0	0
538		11	43	5	7	324000	5	56536	20	2	1	86000	1000	261	10	108	7	108	1001	117	1000	126	0	0
539		11	44	5	8	345600	5	56536	20	2	1	88000	1000	261	10	108	7	108	1001	117	1000	144	0	0
540		11	45	5	9	367200	5	56536	20	2	1	90000	1000	261	10	108	7	108	1001	117	1000	162	0	0
541		12	1	1	1	60	5	59063	1	2	1	100	1000	24	10	0	8	0	1001	0	1000	0	0	0
542		12	2	1	2	120	5	59063	1	2	1	200	1000	48	10	0	8	0	1001	0	1000	0	0	0
543		12	3	1	3	300	5	59063	1	2	1	300	1000	72	10	0	8	0	1001	0	1000	0	0	0
544		12	4	1	4	480	5	59063	2	2	1	800	1000	96	10	0	8	0	1001	0	1000	0	0	0
545		12	5	1	5	600	5	59063	2	2	1	1000	1000	120	10	0	8	0	1001	0	1000	0	0	0
546		12	6	1	6	900	5	59063	2	2	1	1200	1000	144	10	0	8	0	1001	0	1000	0	0	0
547		12	7	1	7	1200	5	59063	2	2	1	1400	1000	168	10	0	8	0	1001	0	1000	0	0	0
548		12	8	1	8	1500	5	59063	2	2	1	1600	1000	192	10	0	8	0	1001	0	1000	0	0	0
549		12	9	1	9	1800	5	59063	2	2	1	1800	1000	216	10	0	8	0	1001	0	1000	0	0	0
550		12	10	2	1	2100	5	59063	5	2	1	5000	1000	216	10	10	8	0	1001	0	1000	0	0	0
551		12	11	2	2	2400	5	59063	5	2	1	5500	1000	216	10	20	8	0	1001	0	1000	0	0	0
552		12	12	2	3	2700	5	59063	5	2	1	6000	1000	216	10	30	8	0	1001	0	1000	0	0	0
553		12	13	2	4	3600	5	59063	5	2	1	6500	1000	216	10	40	8	0	1001	0	1000	0	0	0
554		12	14	2	5	5400	5	59063	5	2	1	7000	1000	216	10	50	8	0	1001	0	1000	0	0	0
555		12	15	2	6	7200	5	59063	5	2	1	7500	1000	216	10	60	8	0	1001	0	1000	0	0	0
556		12	16	2	7	9000	5	59063	5	2	1	8000	1000	216	10	70	8	0	1001	0	1000	0	0	0
557		12	17	2	8	10800	5	59063	5	2	1	8500	1000	216	10	80	8	0	1001	0	1000	0	0	0
558		12	18	2	9	12600	5	59063	5	2	1	9000	1000	216	10	90	8	0	1001	0	1000	0	0	0
559		12	19	3	1	14400	5	59063	10	2	1	19000	1000	216	10	90	8	10	1001	0	1000	0	0	0
560		12	20	3	2	16200	5	59063	10	2	1	20000	1000	216	10	90	8	20	1001	0	1000	0	0	0
561		12	21	3	3	18000	5	59063	10	2	1	21000	1000	216	10	90	8	30	1001	0	1000	0	0	0
562		12	22	3	4	21600	5	59063	10	2	1	22000	1000	216	10	90	8	40	1001	0	1000	0	0	0
563		12	23	3	5	25200	5	59063	10	2	1	23000	1000	216	10	90	8	50	1001	0	1000	0	0	0
564		12	24	3	6	28800	5	59063	10	2	1	24000	1000	216	10	90	8	60	1001	0	1000	0	0	0
565		12	25	3	7	36000	5	59063	10	2	1	25000	1000	216	10	90	8	70	1001	0	1000	0	0	0
566		12	26	3	8	43200	5	59063	10	2	1	26000	1000	216	10	90	8	80	1001	0	1000	0	0	0
567		12	27	3	9	50400	5	59063	10	2	1	27000	1000	216	10	90	8	90	1001	0	1000	0	0	0
568		12	28	4	1	57600	5	59063	15	2	1	42000	1000	216	10	90	8	90	1001	11	1000	0	0	0
569		12	29	4	2	64800	5	59063	15	2	1	43500	1000	216	10	90	8	90	1001	22	1000	0	0	0
570		12	30	4	3	72000	5	59063	15	2	1	45000	1000	216	10	90	8	90	1001	33	1000	0	0	0
571		12	31	4	4	86400	5	59063	15	2	1	46500	1000	216	10	90	8	90	1001	44	1000	0	0	0
572		12	32	4	5	100800	5	59063	15	2	1	48000	1000	216	10	90	8	90	1001	55	1000	0	0	0
573		12	33	4	6	115200	5	59063	15	2	1	49500	1000	216	10	90	8	90	1001	66	1000	0	0	0
574		12	34	4	7	129600	5	59063	15	2	1	51000	1000	216	10	90	8	90	1001	77	1000	0	0	0
575		12	35	4	8	151200	5	59063	15	2	1	52500	1000	216	10	90	8	90	1001	88	1000	0	0	0
576		12	36	4	9	172800	5	59063	15	2	1	54000	1000	216	10	90	8	90	1001	99	1000	0	0	0
577		12	37	5	1	194400	5	59063	20	2	1	74000	1000	216	10	90	8	90	1001	99	1000	15	0	0
578		12	38	5	2	216000	5	59063	20	2	1	76000	1000	216	10	90	8	90	1001	99	1000	30	0	0
579		12	39	5	3	237600	5	59063	20	2	1	78000	1000	216	10	90	8	90	1001	99	1000	45	0	0
580		12	40	5	4	259200	5	59063	20	2	1	80000	1000	216	10	90	8	90	1001	99	1000	60	0	0
581		12	41	5	5	280800	5	59063	20	2	1	82000	1000	216	10	90	8	90	1001	99	1000	75	0	0
582		12	42	5	6	302400	5	59063	20	2	1	84000	1000	216	10	90	8	90	1001	99	1000	90	0	0
583		12	43	5	7	324000	5	59063	20	2	1	86000	1000	216	10	90	8	90	1001	99	1000	105	0	0
584		12	44	5	8	345600	5	59063	20	2	1	88000	1000	216	10	90	8	90	1001	99	1000	120	0	0
585		12	45	5	9	367200	5	59063	20	2	1	90000	1000	216	10	90	8	90	1001	99	1000	135	0	0
586		13	1	1	1	60	5	59054	1	2	1	100	0	175	9	0	8	0	1001	0	1000	0	0	0
587		13	2	1	2	120	5	59054	1	2	1	200	0	350	9	0	8	0	1001	0	1000	0	0	0
588		13	3	1	3	300	5	59054	1	2	1	300	0	525	9	0	8	0	1001	0	1000	0	0	0
589		13	4	1	4	480	5	59054	2	2	1	800	0	700	9	0	8	0	1001	0	1000	0	0	0
590		13	5	1	5	600	5	59054	2	2	1	1000	0	875	9	0	8	0	1001	0	1000	0	0	0
591		13	6	1	6	900	5	59054	2	2	1	1200	0	1050	9	0	8	0	1001	0	1000	0	0	0
592		13	7	1	7	1200	5	59054	2	2	1	1400	0	1225	9	0	8	0	1001	0	1000	0	0	0
593		13	8	1	8	1500	5	59054	2	2	1	1600	0	1400	9	0	8	0	1001	0	1000	0	0	0
594		13	9	1	9	1800	5	59054	2	2	1	1800	0	1575	9	0	8	0	1001	0	1000	0	0	0
595		13	10	2	1	2100	5	59054	5	2	1	5000	0	1575	9	12	8	0	1001	0	1000	0	0	0
596		13	11	2	2	2400	5	59054	5	2	1	5500	0	1575	9	24	8	0	1001	0	1000	0	0	0
597		13	12	2	3	2700	5	59054	5	2	1	6000	0	1575	9	36	8	0	1001	0	1000	0	0	0
598		13	13	2	4	3600	5	59054	5	2	1	6500	0	1575	9	48	8	0	1001	0	1000	0	0	0
599		13	14	2	5	5400	5	59054	5	2	1	7000	0	1575	9	60	8	0	1001	0	1000	0	0	0
600		13	15	2	6	7200	5	59054	5	2	1	7500	0	1575	9	72	8	0	1001	0	1000	0	0	0
601		13	16	2	7	9000	5	59054	5	2	1	8000	0	1575	9	84	8	0	1001	0	1000	0	0	0
602		13	17	2	8	10800	5	59054	5	2	1	8500	0	1575	9	96	8	0	1001	0	1000	0	0	0
603		13	18	2	9	12600	5	59054	5	2	1	9000	0	1575	9	108	8	0	1001	0	1000	0	0	0
604		13	19	3	1	14400	5	59054	10	2	1	19000	0	1575	9	108	8	12	1001	0	1000	0	0	0
605		13	20	3	2	16200	5	59054	10	2	1	20000	0	1575	9	108	8	24	1001	0	1000	0	0	0
606		13	21	3	3	18000	5	59054	10	2	1	21000	0	1575	9	108	8	36	1001	0	1000	0	0	0
607		13	22	3	4	21600	5	59054	10	2	1	22000	0	1575	9	108	8	48	1001	0	1000	0	0	0
608		13	23	3	5	25200	5	59054	10	2	1	23000	0	1575	9	108	8	60	1001	0	1000	0	0	0
609		13	24	3	6	28800	5	59054	10	2	1	24000	0	1575	9	108	8	72	1001	0	1000	0	0	0
610		13	25	3	7	36000	5	59054	10	2	1	25000	0	1575	9	108	8	84	1001	0	1000	0	0	0
611		13	26	3	8	43200	5	59054	10	2	1	26000	0	1575	9	108	8	96	1001	0	1000	0	0	0
612		13	27	3	9	50400	5	59054	10	2	1	27000	0	1575	9	108	8	108	1001	0	1000	0	0	0
613		13	28	4	1	57600	5	59054	15	2	1	42000	0	1575	9	108	8	108	1001	13	1000	0	0	0
614		13	29	4	2	64800	5	59054	15	2	1	43500	0	1575	9	108	8	108	1001	26	1000	0	0	0
615		13	30	4	3	72000	5	59054	15	2	1	45000	0	1575	9	108	8	108	1001	39	1000	0	0	0
616		13	31	4	4	86400	5	59054	15	2	1	46500	0	1575	9	108	8	108	1001	52	1000	0	0	0
617		13	32	4	5	100800	5	59054	15	2	1	48000	0	1575	9	108	8	108	1001	65	1000	0	0	0
618		13	33	4	6	115200	5	59054	15	2	1	49500	0	1575	9	108	8	108	1001	78	1000	0	0	0
619		13	34	4	7	129600	5	59054	15	2	1	51000	0	1575	9	108	8	108	1001	91	1000	0	0	0
620		13	35	4	8	151200	5	59054	15	2	1	52500	0	1575	9	108	8	108	1001	104	1000	0	0	0
621		13	36	4	9	172800	5	59054	15	2	1	54000	0	1575	9	108	8	108	1001	117	1000	0	0	0
622		13	37	5	1	194400	5	59054	20	2	1	74000	0	1575	9	108	8	108	1001	117	1000	18	0	0
623		13	38	5	2	216000	5	59054	20	2	1	76000	0	1575	9	108	8	108	1001	117	1000	36	0	0
624		13	39	5	3	237600	5	59054	20	2	1	78000	0	1575	9	108	8	108	1001	117	1000	54	0	0
625		13	40	5	4	259200	5	59054	20	2	1	80000	0	1575	9	108	8	108	1001	117	1000	72	0	0
626		13	41	5	5	280800	5	59054	20	2	1	82000	0	1575	9	108	8	108	1001	117	1000	90	0	0
627		13	42	5	6	302400	5	59054	20	2	1	84000	0	1575	9	108	8	108	1001	117	1000	108	0	0
628		13	43	5	7	324000	5	59054	20	2	1	86000	0	1575	9	108	8	108	1001	117	1000	126	0	0
629		13	44	5	8	345600	5	59054	20	2	1	88000	0	1575	9	108	8	108	1001	117	1000	144	0	0
630		13	45	5	9	367200	5	59054	20	2	1	90000	0	1575	9	108	8	108	1001	117	1000	162	0	0
631		14	1	1	1	60	5	59065	1	2	1	100	0	146	9	0	7	0	1001	0	1000	0	0	0
632		14	2	1	2	120	5	59065	1	2	1	200	0	292	9	0	7	0	1001	0	1000	0	0	0
633		14	3	1	3	300	5	59065	1	2	1	300	0	438	9	0	7	0	1001	0	1000	0	0	0
634		14	4	1	4	480	5	59065	2	2	1	800	0	584	9	0	7	0	1001	0	1000	0	0	0
635		14	5	1	5	600	5	59065	2	2	1	1000	0	730	9	0	7	0	1001	0	1000	0	0	0
636		14	6	1	6	900	5	59065	2	2	1	1200	0	876	9	0	7	0	1001	0	1000	0	0	0
637		14	7	1	7	1200	5	59065	2	2	1	1400	0	1022	9	0	7	0	1001	0	1000	0	0	0
638		14	8	1	8	1500	5	59065	2	2	1	1600	0	1168	9	0	7	0	1001	0	1000	0	0	0
639		14	9	1	9	1800	5	59065	2	2	1	1800	0	1314	9	0	7	0	1001	0	1000	0	0	0
640		14	10	2	1	2100	5	59065	5	2	1	5000	0	1314	9	10	7	0	1001	0	1000	0	0	0
641		14	11	2	2	2400	5	59065	5	2	1	5500	0	1314	9	20	7	0	1001	0	1000	0	0	0
642		14	12	2	3	2700	5	59065	5	2	1	6000	0	1314	9	30	7	0	1001	0	1000	0	0	0
643		14	13	2	4	3600	5	59065	5	2	1	6500	0	1314	9	40	7	0	1001	0	1000	0	0	0
644		14	14	2	5	5400	5	59065	5	2	1	7000	0	1314	9	50	7	0	1001	0	1000	0	0	0
645		14	15	2	6	7200	5	59065	5	2	1	7500	0	1314	9	60	7	0	1001	0	1000	0	0	0
646		14	16	2	7	9000	5	59065	5	2	1	8000	0	1314	9	70	7	0	1001	0	1000	0	0	0
647		14	17	2	8	10800	5	59065	5	2	1	8500	0	1314	9	80	7	0	1001	0	1000	0	0	0
648		14	18	2	9	12600	5	59065	5	2	1	9000	0	1314	9	90	7	0	1001	0	1000	0	0	0
649		14	19	3	1	14400	5	59065	10	2	1	19000	0	1314	9	90	7	10	1001	0	1000	0	0	0
650		14	20	3	2	16200	5	59065	10	2	1	20000	0	1314	9	90	7	20	1001	0	1000	0	0	0
651		14	21	3	3	18000	5	59065	10	2	1	21000	0	1314	9	90	7	30	1001	0	1000	0	0	0
652		14	22	3	4	21600	5	59065	10	2	1	22000	0	1314	9	90	7	40	1001	0	1000	0	0	0
653		14	23	3	5	25200	5	59065	10	2	1	23000	0	1314	9	90	7	50	1001	0	1000	0	0	0
654		14	24	3	6	28800	5	59065	10	2	1	24000	0	1314	9	90	7	60	1001	0	1000	0	0	0
655		14	25	3	7	36000	5	59065	10	2	1	25000	0	1314	9	90	7	70	1001	0	1000	0	0	0
656		14	26	3	8	43200	5	59065	10	2	1	26000	0	1314	9	90	7	80	1001	0	1000	0	0	0
657		14	27	3	9	50400	5	59065	10	2	1	27000	0	1314	9	90	7	90	1001	0	1000	0	0	0
658		14	28	4	1	57600	5	59065	15	2	1	42000	0	1314	9	90	7	90	1001	11	1000	0	0	0
659		14	29	4	2	64800	5	59065	15	2	1	43500	0	1314	9	90	7	90	1001	22	1000	0	0	0
660		14	30	4	3	72000	5	59065	15	2	1	45000	0	1314	9	90	7	90	1001	33	1000	0	0	0
661		14	31	4	4	86400	5	59065	15	2	1	46500	0	1314	9	90	7	90	1001	44	1000	0	0	0
662		14	32	4	5	100800	5	59065	15	2	1	48000	0	1314	9	90	7	90	1001	55	1000	0	0	0
663		14	33	4	6	115200	5	59065	15	2	1	49500	0	1314	9	90	7	90	1001	66	1000	0	0	0
664		14	34	4	7	129600	5	59065	15	2	1	51000	0	1314	9	90	7	90	1001	77	1000	0	0	0
665		14	35	4	8	151200	5	59065	15	2	1	52500	0	1314	9	90	7	90	1001	88	1000	0	0	0
666		14	36	4	9	172800	5	59065	15	2	1	54000	0	1314	9	90	7	90	1001	99	1000	0	0	0
667		14	37	5	1	194400	5	59065	20	2	1	74000	0	1314	9	90	7	90	1001	99	1000	15	0	0
668		14	38	5	2	216000	5	59065	20	2	1	76000	0	1314	9	90	7	90	1001	99	1000	30	0	0
669		14	39	5	3	237600	5	59065	20	2	1	78000	0	1314	9	90	7	90	1001	99	1000	45	0	0
670		14	40	5	4	259200	5	59065	20	2	1	80000	0	1314	9	90	7	90	1001	99	1000	60	0	0
671		14	41	5	5	280800	5	59065	20	2	1	82000	0	1314	9	90	7	90	1001	99	1000	75	0	0
672		14	42	5	6	302400	5	59065	20	2	1	84000	0	1314	9	90	7	90	1001	99	1000	90	0	0
673		14	43	5	7	324000	5	59065	20	2	1	86000	0	1314	9	90	7	90	1001	99	1000	105	0	0
674		14	44	5	8	345600	5	59065	20	2	1	88000	0	1314	9	90	7	90	1001	99	1000	120	0	0
675		14	45	5	9	367200	5	59065	20	2	1	90000	0	1314	9	90	7	90	1001	99	1000	135	0	0
676		15	1	1	1	60	5	59216	1	2	1	100	1000	44	9	0	7	0	1001	0	1000	0	0	0
677		15	2	1	2	120	5	59216	1	2	1	200	1000	88	9	0	7	0	1001	0	1000	0	0	0
678		15	3	1	3	300	5	59216	1	2	1	300	1000	132	9	0	7	0	1001	0	1000	0	0	0
679		15	4	1	4	480	5	59216	2	2	1	800	1000	176	9	0	7	0	1001	0	1000	0	0	0
680		15	5	1	5	600	5	59216	2	2	1	1000	1000	220	9	0	7	0	1001	0	1000	0	0	0
681		15	6	1	6	900	5	59216	2	2	1	1200	1000	264	9	0	7	0	1001	0	1000	0	0	0
682		15	7	1	7	1200	5	59216	2	2	1	1400	1000	308	9	0	7	0	1001	0	1000	0	0	0
683		15	8	1	8	1500	5	59216	2	2	1	1600	1000	352	9	0	7	0	1001	0	1000	0	0	0
684		15	9	1	9	1800	5	59216	2	2	1	1800	1000	396	9	0	7	0	1001	0	1000	0	0	0
685		15	10	2	1	2100	5	59216	5	2	1	5000	1000	396	9	18	7	0	1001	0	1000	0	0	0
686		15	11	2	2	2400	5	59216	5	2	1	5500	1000	396	9	36	7	0	1001	0	1000	0	0	0
687		15	12	2	3	2700	5	59216	5	2	1	6000	1000	396	9	54	7	0	1001	0	1000	0	0	0
688		15	13	2	4	3600	5	59216	5	2	1	6500	1000	396	9	72	7	0	1001	0	1000	0	0	0
689		15	14	2	5	5400	5	59216	5	2	1	7000	1000	396	9	90	7	0	1001	0	1000	0	0	0
690		15	15	2	6	7200	5	59216	5	2	1	7500	1000	396	9	108	7	0	1001	0	1000	0	0	0
691		15	16	2	7	9000	5	59216	5	2	1	8000	1000	396	9	126	7	0	1001	0	1000	0	0	0
692		15	17	2	8	10800	5	59216	5	2	1	8500	1000	396	9	144	7	0	1001	0	1000	0	0	0
693		15	18	2	9	12600	5	59216	5	2	1	9000	1000	396	9	162	7	0	1001	0	1000	0	0	0
694		15	19	3	1	14400	5	59216	10	2	1	19000	1000	396	9	162	7	18	1001	0	1000	0	0	0
695		15	20	3	2	16200	5	59216	10	2	1	20000	1000	396	9	162	7	36	1001	0	1000	0	0	0
696		15	21	3	3	18000	5	59216	10	2	1	21000	1000	396	9	162	7	54	1001	0	1000	0	0	0
697		15	22	3	4	21600	5	59216	10	2	1	22000	1000	396	9	162	7	72	1001	0	1000	0	0	0
698		15	23	3	5	25200	5	59216	10	2	1	23000	1000	396	9	162	7	90	1001	0	1000	0	0	0
699		15	24	3	6	28800	5	59216	10	2	1	24000	1000	396	9	162	7	108	1001	0	1000	0	0	0
700		15	25	3	7	36000	5	59216	10	2	1	25000	1000	396	9	162	7	126	1001	0	1000	0	0	0
701		15	26	3	8	43200	5	59216	10	2	1	26000	1000	396	9	162	7	144	1001	0	1000	0	0	0
702		15	27	3	9	50400	5	59216	10	2	1	27000	1000	396	9	162	7	162	1001	0	1000	0	0	0
703		15	28	4	1	57600	5	59216	15	2	1	42000	1000	396	9	162	7	162	1001	19	1000	0	0	0
704		15	29	4	2	64800	5	59216	15	2	1	43500	1000	396	9	162	7	162	1001	38	1000	0	0	0
705		15	30	4	3	72000	5	59216	15	2	1	45000	1000	396	9	162	7	162	1001	57	1000	0	0	0
706		15	31	4	4	86400	5	59216	15	2	1	46500	1000	396	9	162	7	162	1001	76	1000	0	0	0
707		15	32	4	5	100800	5	59216	15	2	1	48000	1000	396	9	162	7	162	1001	95	1000	0	0	0
708		15	33	4	6	115200	5	59216	15	2	1	49500	1000	396	9	162	7	162	1001	114	1000	0	0	0
709		15	34	4	7	129600	5	59216	15	2	1	51000	1000	396	9	162	7	162	1001	133	1000	0	0	0
710		15	35	4	8	151200	5	59216	15	2	1	52500	1000	396	9	162	7	162	1001	152	1000	0	0	0
711		15	36	4	9	172800	5	59216	15	2	1	54000	1000	396	9	162	7	162	1001	171	1000	0	0	0
712		15	37	5	1	194400	5	59216	20	2	1	74000	1000	396	9	162	7	162	1001	171	1000	27	0	0
713		15	38	5	2	216000	5	59216	20	2	1	76000	1000	396	9	162	7	162	1001	171	1000	54	0	0
714		15	39	5	3	237600	5	59216	20	2	1	78000	1000	396	9	162	7	162	1001	171	1000	81	0	0
715		15	40	5	4	259200	5	59216	20	2	1	80000	1000	396	9	162	7	162	1001	171	1000	108	0	0
716		15	41	5	5	280800	5	59216	20	2	1	82000	1000	396	9	162	7	162	1001	171	1000	135	0	0
717		15	42	5	6	302400	5	59216	20	2	1	84000	1000	396	9	162	7	162	1001	171	1000	162	0	0
718		15	43	5	7	324000	5	59216	20	2	1	86000	1000	396	9	162	7	162	1001	171	1000	189	0	0
719		15	44	5	8	345600	5	59216	20	2	1	88000	1000	396	9	162	7	162	1001	171	1000	216	0	0
720		15	45	5	9	367200	5	59216	20	2	1	90000	1000	396	9	162	7	162	1001	171	1000	243	0	0
721		16	1	1	1	60	5	59217	1	2	1	100	1001	31	10	0	8	0	1001	0	1000	0	0	0
722		16	2	1	2	120	5	59217	1	2	1	200	1001	62	10	0	8	0	1001	0	1000	0	0	0
723		16	3	1	3	300	5	59217	1	2	1	300	1001	93	10	0	8	0	1001	0	1000	0	0	0
724		16	4	1	4	480	5	59217	2	2	1	800	1001	124	10	0	8	0	1001	0	1000	0	0	0
725		16	5	1	5	600	5	59217	2	2	1	1000	1001	155	10	0	8	0	1001	0	1000	0	0	0
726		16	6	1	6	900	5	59217	2	2	1	1200	1001	186	10	0	8	0	1001	0	1000	0	0	0
727		16	7	1	7	1200	5	59217	2	2	1	1400	1001	217	10	0	8	0	1001	0	1000	0	0	0
728		16	8	1	8	1500	5	59217	2	2	1	1600	1001	248	10	0	8	0	1001	0	1000	0	0	0
729		16	9	1	9	1800	5	59217	2	2	1	1800	1001	279	10	0	8	0	1001	0	1000	0	0	0
730		16	10	2	1	2100	5	59217	5	2	1	5000	1001	279	10	18	8	0	1001	0	1000	0	0	0
731		16	11	2	2	2400	5	59217	5	2	1	5500	1001	279	10	36	8	0	1001	0	1000	0	0	0
732		16	12	2	3	2700	5	59217	5	2	1	6000	1001	279	10	54	8	0	1001	0	1000	0	0	0
733		16	13	2	4	3600	5	59217	5	2	1	6500	1001	279	10	72	8	0	1001	0	1000	0	0	0
734		16	14	2	5	5400	5	59217	5	2	1	7000	1001	279	10	90	8	0	1001	0	1000	0	0	0
735		16	15	2	6	7200	5	59217	5	2	1	7500	1001	279	10	108	8	0	1001	0	1000	0	0	0
736		16	16	2	7	9000	5	59217	5	2	1	8000	1001	279	10	126	8	0	1001	0	1000	0	0	0
737		16	17	2	8	10800	5	59217	5	2	1	8500	1001	279	10	144	8	0	1001	0	1000	0	0	0
738		16	18	2	9	12600	5	59217	5	2	1	9000	1001	279	10	162	8	0	1001	0	1000	0	0	0
739		16	19	3	1	14400	5	59217	10	2	1	19000	1001	279	10	162	8	18	1001	0	1000	0	0	0
740		16	20	3	2	16200	5	59217	10	2	1	20000	1001	279	10	162	8	36	1001	0	1000	0	0	0
741		16	21	3	3	18000	5	59217	10	2	1	21000	1001	279	10	162	8	54	1001	0	1000	0	0	0
742		16	22	3	4	21600	5	59217	10	2	1	22000	1001	279	10	162	8	72	1001	0	1000	0	0	0
743		16	23	3	5	25200	5	59217	10	2	1	23000	1001	279	10	162	8	90	1001	0	1000	0	0	0
744		16	24	3	6	28800	5	59217	10	2	1	24000	1001	279	10	162	8	108	1001	0	1000	0	0	0
745		16	25	3	7	36000	5	59217	10	2	1	25000	1001	279	10	162	8	126	1001	0	1000	0	0	0
746		16	26	3	8	43200	5	59217	10	2	1	26000	1001	279	10	162	8	144	1001	0	1000	0	0	0
747		16	27	3	9	50400	5	59217	10	2	1	27000	1001	279	10	162	8	162	1001	0	1000	0	0	0
748		16	28	4	1	57600	5	59217	15	2	1	42000	1001	279	10	162	8	162	1001	19	1000	0	0	0
749		16	29	4	2	64800	5	59217	15	2	1	43500	1001	279	10	162	8	162	1001	38	1000	0	0	0
750		16	30	4	3	72000	5	59217	15	2	1	45000	1001	279	10	162	8	162	1001	57	1000	0	0	0
751		16	31	4	4	86400	5	59217	15	2	1	46500	1001	279	10	162	8	162	1001	76	1000	0	0	0
752		16	32	4	5	100800	5	59217	15	2	1	48000	1001	279	10	162	8	162	1001	95	1000	0	0	0
753		16	33	4	6	115200	5	59217	15	2	1	49500	1001	279	10	162	8	162	1001	114	1000	0	0	0
754		16	34	4	7	129600	5	59217	15	2	1	51000	1001	279	10	162	8	162	1001	133	1000	0	0	0
755		16	35	4	8	151200	5	59217	15	2	1	52500	1001	279	10	162	8	162	1001	152	1000	0	0	0
756		16	36	4	9	172800	5	59217	15	2	1	54000	1001	279	10	162	8	162	1001	171	1000	0	0	0
757		16	37	5	1	194400	5	59217	20	2	1	74000	1001	279	10	162	8	162	1001	171	1000	27	0	0
758		16	38	5	2	216000	5	59217	20	2	1	76000	1001	279	10	162	8	162	1001	171	1000	54	0	0
759		16	39	5	3	237600	5	59217	20	2	1	78000	1001	279	10	162	8	162	1001	171	1000	81	0	0
760		16	40	5	4	259200	5	59217	20	2	1	80000	1001	279	10	162	8	162	1001	171	1000	108	0	0
761		16	41	5	5	280800	5	59217	20	2	1	82000	1001	279	10	162	8	162	1001	171	1000	135	0	0
762		16	42	5	6	302400	5	59217	20	2	1	84000	1001	279	10	162	8	162	1001	171	1000	162	0	0
763		16	43	5	7	324000	5	59217	20	2	1	86000	1001	279	10	162	8	162	1001	171	1000	189	0	0
764		16	44	5	8	345600	5	59217	20	2	1	88000	1001	279	10	162	8	162	1001	171	1000	216	0	0
765		16	45	5	9	367200	5	59217	20	2	1	90000	1001	279	10	162	8	162	1001	171	1000	243	0	0
766		17	1	1	1	60	5	59218	1	2	1	100	0	263	9	0	7	0	1001	0	1000	0	0	0
767		17	2	1	2	120	5	59218	1	2	1	200	0	526	9	0	7	0	1001	0	1000	0	0	0
768		17	3	1	3	300	5	59218	1	2	1	300	0	789	9	0	7	0	1001	0	1000	0	0	0
769		17	4	1	4	480	5	59218	2	2	1	800	0	1052	9	0	7	0	1001	0	1000	0	0	0
770		17	5	1	5	600	5	59218	2	2	1	1000	0	1315	9	0	7	0	1001	0	1000	0	0	0
771		17	6	1	6	900	5	59218	2	2	1	1200	0	1578	9	0	7	0	1001	0	1000	0	0	0
772		17	7	1	7	1200	5	59218	2	2	1	1400	0	1841	9	0	7	0	1001	0	1000	0	0	0
773		17	8	1	8	1500	5	59218	2	2	1	1600	0	2104	9	0	7	0	1001	0	1000	0	0	0
774		17	9	1	9	1800	5	59218	2	2	1	1800	0	2367	9	0	7	0	1001	0	1000	0	0	0
775		17	10	2	1	2100	5	59218	5	2	1	5000	0	2367	9	18	7	0	1001	0	1000	0	0	0
776		17	11	2	2	2400	5	59218	5	2	1	5500	0	2367	9	36	7	0	1001	0	1000	0	0	0
777		17	12	2	3	2700	5	59218	5	2	1	6000	0	2367	9	54	7	0	1001	0	1000	0	0	0
778		17	13	2	4	3600	5	59218	5	2	1	6500	0	2367	9	72	7	0	1001	0	1000	0	0	0
779		17	14	2	5	5400	5	59218	5	2	1	7000	0	2367	9	90	7	0	1001	0	1000	0	0	0
780		17	15	2	6	7200	5	59218	5	2	1	7500	0	2367	9	108	7	0	1001	0	1000	0	0	0
781		17	16	2	7	9000	5	59218	5	2	1	8000	0	2367	9	126	7	0	1001	0	1000	0	0	0
782		17	17	2	8	10800	5	59218	5	2	1	8500	0	2367	9	144	7	0	1001	0	1000	0	0	0
783		17	18	2	9	12600	5	59218	5	2	1	9000	0	2367	9	162	7	0	1001	0	1000	0	0	0
784		17	19	3	1	14400	5	59218	10	2	1	19000	0	2367	9	162	7	18	1001	0	1000	0	0	0
785		17	20	3	2	16200	5	59218	10	2	1	20000	0	2367	9	162	7	36	1001	0	1000	0	0	0
786		17	21	3	3	18000	5	59218	10	2	1	21000	0	2367	9	162	7	54	1001	0	1000	0	0	0
787		17	22	3	4	21600	5	59218	10	2	1	22000	0	2367	9	162	7	72	1001	0	1000	0	0	0
788		17	23	3	5	25200	5	59218	10	2	1	23000	0	2367	9	162	7	90	1001	0	1000	0	0	0
789		17	24	3	6	28800	5	59218	10	2	1	24000	0	2367	9	162	7	108	1001	0	1000	0	0	0
790		17	25	3	7	36000	5	59218	10	2	1	25000	0	2367	9	162	7	126	1001	0	1000	0	0	0
791		17	26	3	8	43200	5	59218	10	2	1	26000	0	2367	9	162	7	144	1001	0	1000	0	0	0
792		17	27	3	9	50400	5	59218	10	2	1	27000	0	2367	9	162	7	162	1001	0	1000	0	0	0
793		17	28	4	1	57600	5	59218	15	2	1	42000	0	2367	9	162	7	162	1001	19	1000	0	0	0
794		17	29	4	2	64800	5	59218	15	2	1	43500	0	2367	9	162	7	162	1001	38	1000	0	0	0
795		17	30	4	3	72000	5	59218	15	2	1	45000	0	2367	9	162	7	162	1001	57	1000	0	0	0
796		17	31	4	4	86400	5	59218	15	2	1	46500	0	2367	9	162	7	162	1001	76	1000	0	0	0
797		17	32	4	5	100800	5	59218	15	2	1	48000	0	2367	9	162	7	162	1001	95	1000	0	0	0
798		17	33	4	6	115200	5	59218	15	2	1	49500	0	2367	9	162	7	162	1001	114	1000	0	0	0
799		17	34	4	7	129600	5	59218	15	2	1	51000	0	2367	9	162	7	162	1001	133	1000	0	0	0
800		17	35	4	8	151200	5	59218	15	2	1	52500	0	2367	9	162	7	162	1001	152	1000	0	0	0
801		17	36	4	9	172800	5	59218	15	2	1	54000	0	2367	9	162	7	162	1001	171	1000	0	0	0
802		17	37	5	1	194400	5	59218	20	2	1	74000	0	2367	9	162	7	162	1001	171	1000	27	0	0
803		17	38	5	2	216000	5	59218	20	2	1	76000	0	2367	9	162	7	162	1001	171	1000	54	0	0
804		17	39	5	3	237600	5	59218	20	2	1	78000	0	2367	9	162	7	162	1001	171	1000	81	0	0
805		17	40	5	4	259200	5	59218	20	2	1	80000	0	2367	9	162	7	162	1001	171	1000	108	0	0
806		17	41	5	5	280800	5	59218	20	2	1	82000	0	2367	9	162	7	162	1001	171	1000	135	0	0
807		17	42	5	6	302400	5	59218	20	2	1	84000	0	2367	9	162	7	162	1001	171	1000	162	0	0
808		17	43	5	7	324000	5	59218	20	2	1	86000	0	2367	9	162	7	162	1001	171	1000	189	0	0
809		17	44	5	8	345600	5	59218	20	2	1	88000	0	2367	9	162	7	162	1001	171	1000	216	0	0
810		17	45	5	9	367200	5	59218	20	2	1	90000	0	2367	9	162	7	162	1001	171	1000	243	0	0
811		18	1	1	1	60	5	59219	1	2	1	100	0	263	10	0	8	0	1001	0	1000	0	0	0
812		18	2	1	2	120	5	59219	1	2	1	200	0	526	10	0	8	0	1001	0	1000	0	0	0
813		18	3	1	3	300	5	59219	1	2	1	300	0	789	10	0	8	0	1001	0	1000	0	0	0
814		18	4	1	4	480	5	59219	2	2	1	800	0	1052	10	0	8	0	1001	0	1000	0	0	0
815		18	5	1	5	600	5	59219	2	2	1	1000	0	1315	10	0	8	0	1001	0	1000	0	0	0
816		18	6	1	6	900	5	59219	2	2	1	1200	0	1578	10	0	8	0	1001	0	1000	0	0	0
817		18	7	1	7	1200	5	59219	2	2	1	1400	0	1841	10	0	8	0	1001	0	1000	0	0	0
818		18	8	1	8	1500	5	59219	2	2	1	1600	0	2104	10	0	8	0	1001	0	1000	0	0	0
819		18	9	1	9	1800	5	59219	2	2	1	1800	0	2367	10	0	8	0	1001	0	1000	0	0	0
820		18	10	2	1	2100	5	59219	5	2	1	5000	0	2367	10	18	8	0	1001	0	1000	0	0	0
821		18	11	2	2	2400	5	59219	5	2	1	5500	0	2367	10	36	8	0	1001	0	1000	0	0	0
822		18	12	2	3	2700	5	59219	5	2	1	6000	0	2367	10	54	8	0	1001	0	1000	0	0	0
823		18	13	2	4	3600	5	59219	5	2	1	6500	0	2367	10	72	8	0	1001	0	1000	0	0	0
824		18	14	2	5	5400	5	59219	5	2	1	7000	0	2367	10	90	8	0	1001	0	1000	0	0	0
825		18	15	2	6	7200	5	59219	5	2	1	7500	0	2367	10	108	8	0	1001	0	1000	0	0	0
826		18	16	2	7	9000	5	59219	5	2	1	8000	0	2367	10	126	8	0	1001	0	1000	0	0	0
827		18	17	2	8	10800	5	59219	5	2	1	8500	0	2367	10	144	8	0	1001	0	1000	0	0	0
828		18	18	2	9	12600	5	59219	5	2	1	9000	0	2367	10	162	8	0	1001	0	1000	0	0	0
829		18	19	3	1	14400	5	59219	10	2	1	19000	0	2367	10	162	8	18	1001	0	1000	0	0	0
830		18	20	3	2	16200	5	59219	10	2	1	20000	0	2367	10	162	8	36	1001	0	1000	0	0	0
831		18	21	3	3	18000	5	59219	10	2	1	21000	0	2367	10	162	8	54	1001	0	1000	0	0	0
832		18	22	3	4	21600	5	59219	10	2	1	22000	0	2367	10	162	8	72	1001	0	1000	0	0	0
833		18	23	3	5	25200	5	59219	10	2	1	23000	0	2367	10	162	8	90	1001	0	1000	0	0	0
834		18	24	3	6	28800	5	59219	10	2	1	24000	0	2367	10	162	8	108	1001	0	1000	0	0	0
835		18	25	3	7	36000	5	59219	10	2	1	25000	0	2367	10	162	8	126	1001	0	1000	0	0	0
836		18	26	3	8	43200	5	59219	10	2	1	26000	0	2367	10	162	8	144	1001	0	1000	0	0	0
837		18	27	3	9	50400	5	59219	10	2	1	27000	0	2367	10	162	8	162	1001	0	1000	0	0	0
838		18	28	4	1	57600	5	59219	15	2	1	42000	0	2367	10	162	8	162	1001	19	1000	0	0	0
839		18	29	4	2	64800	5	59219	15	2	1	43500	0	2367	10	162	8	162	1001	38	1000	0	0	0
840		18	30	4	3	72000	5	59219	15	2	1	45000	0	2367	10	162	8	162	1001	57	1000	0	0	0
841		18	31	4	4	86400	5	59219	15	2	1	46500	0	2367	10	162	8	162	1001	76	1000	0	0	0
842		18	32	4	5	100800	5	59219	15	2	1	48000	0	2367	10	162	8	162	1001	95	1000	0	0	0
843		18	33	4	6	115200	5	59219	15	2	1	49500	0	2367	10	162	8	162	1001	114	1000	0	0	0
844		18	34	4	7	129600	5	59219	15	2	1	51000	0	2367	10	162	8	162	1001	133	1000	0	0	0
845		18	35	4	8	151200	5	59219	15	2	1	52500	0	2367	10	162	8	162	1001	152	1000	0	0	0
846		18	36	4	9	172800	5	59219	15	2	1	54000	0	2367	10	162	8	162	1001	171	1000	0	0	0
847		18	37	5	1	194400	5	59219	20	2	1	74000	0	2367	10	162	8	162	1001	171	1000	27	0	0
848		18	38	5	2	216000	5	59219	20	2	1	76000	0	2367	10	162	8	162	1001	171	1000	54	0	0
849		18	39	5	3	237600	5	59219	20	2	1	78000	0	2367	10	162	8	162	1001	171	1000	81	0	0
850		18	40	5	4	259200	5	59219	20	2	1	80000	0	2367	10	162	8	162	1001	171	1000	108	0	0
851		18	41	5	5	280800	5	59219	20	2	1	82000	0	2367	10	162	8	162	1001	171	1000	135	0	0
852		18	42	5	6	302400	5	59219	20	2	1	84000	0	2367	10	162	8	162	1001	171	1000	162	0	0
853		18	43	5	7	324000	5	59219	20	2	1	86000	0	2367	10	162	8	162	1001	171	1000	189	0	0
854		18	44	5	8	345600	5	59219	20	2	1	88000	0	2367	10	162	8	162	1001	171	1000	216	0	0
855		18	45	5	9	367200	5	59219	20	2	1	90000	0	2367	10	162	8	162	1001	171	1000	243	0	0
