Index	Desc	BelleId	CloseLevel	CloseMaxValue	AddAttrValue
INT	INT	INT	INT	INT	INT
#MAX_ID=9999;MAX_RECORD=9999;TableType=Index;					
#本行程序不读	描述	美人Id	亲密等级	当前等级上限	亲密加成属性值
0	钟灵	0	1	50	20
1	钟灵	0	2	55	21
2	钟灵	0	3	60	22
3	钟灵	0	4	65	23
4	钟灵	0	5	70	24
5	钟灵	0	6	75	25
6	钟灵	0	7	80	26
7	钟灵	0	8	85	27
8	钟灵	0	9	90	28
9	钟灵	0	10	95	29
10	钟灵	0	11	100	30
11	钟灵	0	12	105	31
12	钟灵	0	13	110	32
13	钟灵	0	14	115	33
14	钟灵	0	15	120	34
15	钟灵	0	16	125	35
16	钟灵	0	17	130	36
17	钟灵	0	18	135	37
18	钟灵	0	19	140	38
19	钟灵	0	20	145	39
20	钟灵	0	21	150	40
21	钟灵	0	22	155	41
22	钟灵	0	23	160	42
23	钟灵	0	24	165	43
24	钟灵	0	25	170	44
25	钟灵	0	26	175	45
26	钟灵	0	27	180	46
27	钟灵	0	28	185	47
28	钟灵	0	29	190	48
29	钟灵	0	30	195	49
30	钟灵	0	31	200	50
31	钟灵	0	32	205	51
32	钟灵	0	33	210	52
33	钟灵	0	34	215	53
34	钟灵	0	35	220	54
35	钟灵	0	36	225	55
36	钟灵	0	37	230	56
37	钟灵	0	38	235	57
38	钟灵	0	39	240	58
39	钟灵	0	40	245	59
40	钟灵	0	41	250	60
41	钟灵	0	42	255	61
42	钟灵	0	43	260	62
43	钟灵	0	44	265	63
44	钟灵	0	45	270	64
45	钟灵	0	46	275	65
46	钟灵	0	47	280	66
47	钟灵	0	48	285	67
48	钟灵	0	49	290	68
49	钟灵	0	50	295	69
50	钟灵	0	51	300	70
51	钟灵	0	52	305	71
52	钟灵	0	53	310	72
53	钟灵	0	54	315	73
54	钟灵	0	55	320	74
55	钟灵	0	56	325	75
56	钟灵	0	57	330	76
57	钟灵	0	58	335	77
58	钟灵	0	59	340	78
59	钟灵	0	60	345	79
60	钟灵	0	61	350	80
61	钟灵	0	62	355	81
62	钟灵	0	63	360	82
63	钟灵	0	64	365	83
64	钟灵	0	65	370	84
65	钟灵	0	66	375	85
66	钟灵	0	67	380	86
67	钟灵	0	68	385	87
68	钟灵	0	69	390	88
69	钟灵	0	70	395	89
70	钟灵	0	71	400	90
71	钟灵	0	72	405	91
72	钟灵	0	73	410	92
73	钟灵	0	74	415	93
74	钟灵	0	75	420	94
75	钟灵	0	76	425	95
76	钟灵	0	77	430	96
77	钟灵	0	78	435	97
78	钟灵	0	79	440	98
79	钟灵	0	80	445	99
80	钟灵	0	81	450	100
81	钟灵	0	82	455	101
82	钟灵	0	83	460	102
83	钟灵	0	84	465	103
84	钟灵	0	85	470	104
85	钟灵	0	86	475	105
86	钟灵	0	87	480	106
87	钟灵	0	88	485	107
88	钟灵	0	89	490	108
89	钟灵	0	90	495	109
90	钟灵	0	91	500	110
91	钟灵	0	92	505	111
92	钟灵	0	93	510	112
93	钟灵	0	94	515	113
94	钟灵	0	95	520	114
95	钟灵	0	96	525	115
96	钟灵	0	97	530	116
97	钟灵	0	98	535	117
98	钟灵	0	99	540	118
99	木婉清	1	1	50	20
100	木婉清	1	2	55	21
101	木婉清	1	3	60	22
102	木婉清	1	4	65	23
103	木婉清	1	5	70	24
104	木婉清	1	6	75	25
105	木婉清	1	7	80	26
106	木婉清	1	8	85	27
107	木婉清	1	9	90	28
108	木婉清	1	10	95	29
109	木婉清	1	11	100	30
110	木婉清	1	12	105	31
111	木婉清	1	13	110	32
112	木婉清	1	14	115	33
113	木婉清	1	15	120	34
114	木婉清	1	16	125	35
115	木婉清	1	17	130	36
116	木婉清	1	18	135	37
117	木婉清	1	19	140	38
118	木婉清	1	20	145	39
119	木婉清	1	21	150	40
120	木婉清	1	22	155	41
121	木婉清	1	23	160	42
122	木婉清	1	24	165	43
123	木婉清	1	25	170	44
124	木婉清	1	26	175	45
125	木婉清	1	27	180	46
126	木婉清	1	28	185	47
127	木婉清	1	29	190	48
128	木婉清	1	30	195	49
129	木婉清	1	31	200	50
130	木婉清	1	32	205	51
131	木婉清	1	33	210	52
132	木婉清	1	34	215	53
133	木婉清	1	35	220	54
134	木婉清	1	36	225	55
135	木婉清	1	37	230	56
136	木婉清	1	38	235	57
137	木婉清	1	39	240	58
138	木婉清	1	40	245	59
139	木婉清	1	41	250	60
140	木婉清	1	42	255	61
141	木婉清	1	43	260	62
142	木婉清	1	44	265	63
143	木婉清	1	45	270	64
144	木婉清	1	46	275	65
145	木婉清	1	47	280	66
146	木婉清	1	48	285	67
147	木婉清	1	49	290	68
148	木婉清	1	50	295	69
149	木婉清	1	51	300	70
150	木婉清	1	52	305	71
151	木婉清	1	53	310	72
152	木婉清	1	54	315	73
153	木婉清	1	55	320	74
154	木婉清	1	56	325	75
155	木婉清	1	57	330	76
156	木婉清	1	58	335	77
157	木婉清	1	59	340	78
158	木婉清	1	60	345	79
159	木婉清	1	61	350	80
160	木婉清	1	62	355	81
161	木婉清	1	63	360	82
162	木婉清	1	64	365	83
163	木婉清	1	65	370	84
164	木婉清	1	66	375	85
165	木婉清	1	67	380	86
166	木婉清	1	68	385	87
167	木婉清	1	69	390	88
168	木婉清	1	70	395	89
169	木婉清	1	71	400	90
170	木婉清	1	72	405	91
171	木婉清	1	73	410	92
172	木婉清	1	74	415	93
173	木婉清	1	75	420	94
174	木婉清	1	76	425	95
175	木婉清	1	77	430	96
176	木婉清	1	78	435	97
177	木婉清	1	79	440	98
178	木婉清	1	80	445	99
179	木婉清	1	81	450	100
180	木婉清	1	82	455	101
181	木婉清	1	83	460	102
182	木婉清	1	84	465	103
183	木婉清	1	85	470	104
184	木婉清	1	86	475	105
185	木婉清	1	87	480	106
186	木婉清	1	88	485	107
187	木婉清	1	89	490	108
188	木婉清	1	90	495	109
189	木婉清	1	91	500	110
190	木婉清	1	92	505	111
191	木婉清	1	93	510	112
192	木婉清	1	94	515	113
193	木婉清	1	95	520	114
194	木婉清	1	96	525	115
195	木婉清	1	97	530	116
196	木婉清	1	98	535	117
197	木婉清	1	99	540	118
198	王语嫣	2	1	50	20
199	王语嫣	2	2	55	21
200	王语嫣	2	3	60	22
201	王语嫣	2	4	65	23
202	王语嫣	2	5	70	24
203	王语嫣	2	6	75	25
204	王语嫣	2	7	80	26
205	王语嫣	2	8	85	27
206	王语嫣	2	9	90	28
207	王语嫣	2	10	95	29
208	王语嫣	2	11	100	30
209	王语嫣	2	12	105	31
210	王语嫣	2	13	110	32
211	王语嫣	2	14	115	33
212	王语嫣	2	15	120	34
213	王语嫣	2	16	125	35
214	王语嫣	2	17	130	36
215	王语嫣	2	18	135	37
216	王语嫣	2	19	140	38
217	王语嫣	2	20	145	39
218	王语嫣	2	21	150	40
219	王语嫣	2	22	155	41
220	王语嫣	2	23	160	42
221	王语嫣	2	24	165	43
222	王语嫣	2	25	170	44
223	王语嫣	2	26	175	45
224	王语嫣	2	27	180	46
225	王语嫣	2	28	185	47
226	王语嫣	2	29	190	48
227	王语嫣	2	30	195	49
228	王语嫣	2	31	200	50
229	王语嫣	2	32	205	51
230	王语嫣	2	33	210	52
231	王语嫣	2	34	215	53
232	王语嫣	2	35	220	54
233	王语嫣	2	36	225	55
234	王语嫣	2	37	230	56
235	王语嫣	2	38	235	57
236	王语嫣	2	39	240	58
237	王语嫣	2	40	245	59
238	王语嫣	2	41	250	60
239	王语嫣	2	42	255	61
240	王语嫣	2	43	260	62
241	王语嫣	2	44	265	63
242	王语嫣	2	45	270	64
243	王语嫣	2	46	275	65
244	王语嫣	2	47	280	66
245	王语嫣	2	48	285	67
246	王语嫣	2	49	290	68
247	王语嫣	2	50	295	69
248	王语嫣	2	51	300	70
249	王语嫣	2	52	305	71
250	王语嫣	2	53	310	72
251	王语嫣	2	54	315	73
252	王语嫣	2	55	320	74
253	王语嫣	2	56	325	75
254	王语嫣	2	57	330	76
255	王语嫣	2	58	335	77
256	王语嫣	2	59	340	78
257	王语嫣	2	60	345	79
258	王语嫣	2	61	350	80
259	王语嫣	2	62	355	81
260	王语嫣	2	63	360	82
261	王语嫣	2	64	365	83
262	王语嫣	2	65	370	84
263	王语嫣	2	66	375	85
264	王语嫣	2	67	380	86
265	王语嫣	2	68	385	87
266	王语嫣	2	69	390	88
267	王语嫣	2	70	395	89
268	王语嫣	2	71	400	90
269	王语嫣	2	72	405	91
270	王语嫣	2	73	410	92
271	王语嫣	2	74	415	93
272	王语嫣	2	75	420	94
273	王语嫣	2	76	425	95
274	王语嫣	2	77	430	96
275	王语嫣	2	78	435	97
276	王语嫣	2	79	440	98
277	王语嫣	2	80	445	99
278	王语嫣	2	81	450	100
279	王语嫣	2	82	455	101
280	王语嫣	2	83	460	102
281	王语嫣	2	84	465	103
282	王语嫣	2	85	470	104
283	王语嫣	2	86	475	105
284	王语嫣	2	87	480	106
285	王语嫣	2	88	485	107
286	王语嫣	2	89	490	108
287	王语嫣	2	90	495	109
288	王语嫣	2	91	500	110
289	王语嫣	2	92	505	111
290	王语嫣	2	93	510	112
291	王语嫣	2	94	515	113
292	王语嫣	2	95	520	114
293	王语嫣	2	96	525	115
294	王语嫣	2	97	530	116
295	王语嫣	2	98	535	117
296	王语嫣	2	99	540	118
297	阿朱	3	1	50	20
298	阿朱	3	2	55	21
299	阿朱	3	3	60	22
300	阿朱	3	4	65	23
301	阿朱	3	5	70	24
302	阿朱	3	6	75	25
303	阿朱	3	7	80	26
304	阿朱	3	8	85	27
305	阿朱	3	9	90	28
306	阿朱	3	10	95	29
307	阿朱	3	11	100	30
308	阿朱	3	12	105	31
309	阿朱	3	13	110	32
310	阿朱	3	14	115	33
311	阿朱	3	15	120	34
312	阿朱	3	16	125	35
313	阿朱	3	17	130	36
314	阿朱	3	18	135	37
315	阿朱	3	19	140	38
316	阿朱	3	20	145	39
317	阿朱	3	21	150	40
318	阿朱	3	22	155	41
319	阿朱	3	23	160	42
320	阿朱	3	24	165	43
321	阿朱	3	25	170	44
322	阿朱	3	26	175	45
323	阿朱	3	27	180	46
324	阿朱	3	28	185	47
325	阿朱	3	29	190	48
326	阿朱	3	30	195	49
327	阿朱	3	31	200	50
328	阿朱	3	32	205	51
329	阿朱	3	33	210	52
330	阿朱	3	34	215	53
331	阿朱	3	35	220	54
332	阿朱	3	36	225	55
333	阿朱	3	37	230	56
334	阿朱	3	38	235	57
335	阿朱	3	39	240	58
336	阿朱	3	40	245	59
337	阿朱	3	41	250	60
338	阿朱	3	42	255	61
339	阿朱	3	43	260	62
340	阿朱	3	44	265	63
341	阿朱	3	45	270	64
342	阿朱	3	46	275	65
343	阿朱	3	47	280	66
344	阿朱	3	48	285	67
345	阿朱	3	49	290	68
346	阿朱	3	50	295	69
347	阿朱	3	51	300	70
348	阿朱	3	52	305	71
349	阿朱	3	53	310	72
350	阿朱	3	54	315	73
351	阿朱	3	55	320	74
352	阿朱	3	56	325	75
353	阿朱	3	57	330	76
354	阿朱	3	58	335	77
355	阿朱	3	59	340	78
356	阿朱	3	60	345	79
357	阿朱	3	61	350	80
358	阿朱	3	62	355	81
359	阿朱	3	63	360	82
360	阿朱	3	64	365	83
361	阿朱	3	65	370	84
362	阿朱	3	66	375	85
363	阿朱	3	67	380	86
364	阿朱	3	68	385	87
365	阿朱	3	69	390	88
366	阿朱	3	70	395	89
367	阿朱	3	71	400	90
368	阿朱	3	72	405	91
369	阿朱	3	73	410	92
370	阿朱	3	74	415	93
371	阿朱	3	75	420	94
372	阿朱	3	76	425	95
373	阿朱	3	77	430	96
374	阿朱	3	78	435	97
375	阿朱	3	79	440	98
376	阿朱	3	80	445	99
377	阿朱	3	81	450	100
378	阿朱	3	82	455	101
379	阿朱	3	83	460	102
380	阿朱	3	84	465	103
381	阿朱	3	85	470	104
382	阿朱	3	86	475	105
383	阿朱	3	87	480	106
384	阿朱	3	88	485	107
385	阿朱	3	89	490	108
386	阿朱	3	90	495	109
387	阿朱	3	91	500	110
388	阿朱	3	92	505	111
389	阿朱	3	93	510	112
390	阿朱	3	94	515	113
391	阿朱	3	95	520	114
392	阿朱	3	96	525	115
393	阿朱	3	97	530	116
394	阿朱	3	98	535	117
395	阿朱	3	99	540	118
396	阿紫	4	1	50	20
397	阿紫	4	2	55	21
398	阿紫	4	3	60	22
399	阿紫	4	4	65	23
400	阿紫	4	5	70	24
401	阿紫	4	6	75	25
402	阿紫	4	7	80	26
403	阿紫	4	8	85	27
404	阿紫	4	9	90	28
405	阿紫	4	10	95	29
406	阿紫	4	11	100	30
407	阿紫	4	12	105	31
408	阿紫	4	13	110	32
409	阿紫	4	14	115	33
410	阿紫	4	15	120	34
411	阿紫	4	16	125	35
412	阿紫	4	17	130	36
413	阿紫	4	18	135	37
414	阿紫	4	19	140	38
415	阿紫	4	20	145	39
416	阿紫	4	21	150	40
417	阿紫	4	22	155	41
418	阿紫	4	23	160	42
419	阿紫	4	24	165	43
420	阿紫	4	25	170	44
421	阿紫	4	26	175	45
422	阿紫	4	27	180	46
423	阿紫	4	28	185	47
424	阿紫	4	29	190	48
425	阿紫	4	30	195	49
426	阿紫	4	31	200	50
427	阿紫	4	32	205	51
428	阿紫	4	33	210	52
429	阿紫	4	34	215	53
430	阿紫	4	35	220	54
431	阿紫	4	36	225	55
432	阿紫	4	37	230	56
433	阿紫	4	38	235	57
434	阿紫	4	39	240	58
435	阿紫	4	40	245	59
436	阿紫	4	41	250	60
437	阿紫	4	42	255	61
438	阿紫	4	43	260	62
439	阿紫	4	44	265	63
440	阿紫	4	45	270	64
441	阿紫	4	46	275	65
442	阿紫	4	47	280	66
443	阿紫	4	48	285	67
444	阿紫	4	49	290	68
445	阿紫	4	50	295	69
446	阿紫	4	51	300	70
447	阿紫	4	52	305	71
448	阿紫	4	53	310	72
449	阿紫	4	54	315	73
450	阿紫	4	55	320	74
451	阿紫	4	56	325	75
452	阿紫	4	57	330	76
453	阿紫	4	58	335	77
454	阿紫	4	59	340	78
455	阿紫	4	60	345	79
456	阿紫	4	61	350	80
457	阿紫	4	62	355	81
458	阿紫	4	63	360	82
459	阿紫	4	64	365	83
460	阿紫	4	65	370	84
461	阿紫	4	66	375	85
462	阿紫	4	67	380	86
463	阿紫	4	68	385	87
464	阿紫	4	69	390	88
465	阿紫	4	70	395	89
466	阿紫	4	71	400	90
467	阿紫	4	72	405	91
468	阿紫	4	73	410	92
469	阿紫	4	74	415	93
470	阿紫	4	75	420	94
471	阿紫	4	76	425	95
472	阿紫	4	77	430	96
473	阿紫	4	78	435	97
474	阿紫	4	79	440	98
475	阿紫	4	80	445	99
476	阿紫	4	81	450	100
477	阿紫	4	82	455	101
478	阿紫	4	83	460	102
479	阿紫	4	84	465	103
480	阿紫	4	85	470	104
481	阿紫	4	86	475	105
482	阿紫	4	87	480	106
483	阿紫	4	88	485	107
484	阿紫	4	89	490	108
485	阿紫	4	90	495	109
486	阿紫	4	91	500	110
487	阿紫	4	92	505	111
488	阿紫	4	93	510	112
489	阿紫	4	94	515	113
490	阿紫	4	95	520	114
491	阿紫	4	96	525	115
492	阿紫	4	97	530	116
493	阿紫	4	98	535	117
494	阿紫	4	99	540	118
495	西夏公主	5	1	50	20
496	西夏公主	5	2	55	21
497	西夏公主	5	3	60	22
498	西夏公主	5	4	65	23
499	西夏公主	5	5	70	24
500	西夏公主	5	6	75	25
501	西夏公主	5	7	80	26
502	西夏公主	5	8	85	27
503	西夏公主	5	9	90	28
504	西夏公主	5	10	95	29
505	西夏公主	5	11	100	30
506	西夏公主	5	12	105	31
507	西夏公主	5	13	110	32
508	西夏公主	5	14	115	33
509	西夏公主	5	15	120	34
510	西夏公主	5	16	125	35
511	西夏公主	5	17	130	36
512	西夏公主	5	18	135	37
513	西夏公主	5	19	140	38
514	西夏公主	5	20	145	39
515	西夏公主	5	21	150	40
516	西夏公主	5	22	155	41
517	西夏公主	5	23	160	42
518	西夏公主	5	24	165	43
519	西夏公主	5	25	170	44
520	西夏公主	5	26	175	45
521	西夏公主	5	27	180	46
522	西夏公主	5	28	185	47
523	西夏公主	5	29	190	48
524	西夏公主	5	30	195	49
525	西夏公主	5	31	200	50
526	西夏公主	5	32	205	51
527	西夏公主	5	33	210	52
528	西夏公主	5	34	215	53
529	西夏公主	5	35	220	54
530	西夏公主	5	36	225	55
531	西夏公主	5	37	230	56
532	西夏公主	5	38	235	57
533	西夏公主	5	39	240	58
534	西夏公主	5	40	245	59
535	西夏公主	5	41	250	60
536	西夏公主	5	42	255	61
537	西夏公主	5	43	260	62
538	西夏公主	5	44	265	63
539	西夏公主	5	45	270	64
540	西夏公主	5	46	275	65
541	西夏公主	5	47	280	66
542	西夏公主	5	48	285	67
543	西夏公主	5	49	290	68
544	西夏公主	5	50	295	69
545	西夏公主	5	51	300	70
546	西夏公主	5	52	305	71
547	西夏公主	5	53	310	72
548	西夏公主	5	54	315	73
549	西夏公主	5	55	320	74
550	西夏公主	5	56	325	75
551	西夏公主	5	57	330	76
552	西夏公主	5	58	335	77
553	西夏公主	5	59	340	78
554	西夏公主	5	60	345	79
555	西夏公主	5	61	350	80
556	西夏公主	5	62	355	81
557	西夏公主	5	63	360	82
558	西夏公主	5	64	365	83
559	西夏公主	5	65	370	84
560	西夏公主	5	66	375	85
561	西夏公主	5	67	380	86
562	西夏公主	5	68	385	87
563	西夏公主	5	69	390	88
564	西夏公主	5	70	395	89
565	西夏公主	5	71	400	90
566	西夏公主	5	72	405	91
567	西夏公主	5	73	410	92
568	西夏公主	5	74	415	93
569	西夏公主	5	75	420	94
570	西夏公主	5	76	425	95
571	西夏公主	5	77	430	96
572	西夏公主	5	78	435	97
573	西夏公主	5	79	440	98
574	西夏公主	5	80	445	99
575	西夏公主	5	81	450	100
576	西夏公主	5	82	455	101
577	西夏公主	5	83	460	102
578	西夏公主	5	84	465	103
579	西夏公主	5	85	470	104
580	西夏公主	5	86	475	105
581	西夏公主	5	87	480	106
582	西夏公主	5	88	485	107
583	西夏公主	5	89	490	108
584	西夏公主	5	90	495	109
585	西夏公主	5	91	500	110
586	西夏公主	5	92	505	111
587	西夏公主	5	93	510	112
588	西夏公主	5	94	515	113
589	西夏公主	5	95	520	114
590	西夏公主	5	96	525	115
591	西夏公主	5	97	530	116
592	西夏公主	5	98	535	117
593	西夏公主	5	99	540	118
594	阿碧	6	1	50	20
595	阿碧	6	2	55	21
596	阿碧	6	3	60	22
597	阿碧	6	4	65	23
598	阿碧	6	5	70	24
599	阿碧	6	6	75	25
600	阿碧	6	7	80	26
601	阿碧	6	8	85	27
602	阿碧	6	9	90	28
603	阿碧	6	10	95	29
604	阿碧	6	11	100	30
605	阿碧	6	12	105	31
606	阿碧	6	13	110	32
607	阿碧	6	14	115	33
608	阿碧	6	15	120	34
609	阿碧	6	16	125	35
610	阿碧	6	17	130	36
611	阿碧	6	18	135	37
612	阿碧	6	19	140	38
613	阿碧	6	20	145	39
614	阿碧	6	21	150	40
615	阿碧	6	22	155	41
616	阿碧	6	23	160	42
617	阿碧	6	24	165	43
618	阿碧	6	25	170	44
619	阿碧	6	26	175	45
620	阿碧	6	27	180	46
621	阿碧	6	28	185	47
622	阿碧	6	29	190	48
623	阿碧	6	30	195	49
624	阿碧	6	31	200	50
625	阿碧	6	32	205	51
626	阿碧	6	33	210	52
627	阿碧	6	34	215	53
628	阿碧	6	35	220	54
629	阿碧	6	36	225	55
630	阿碧	6	37	230	56
631	阿碧	6	38	235	57
632	阿碧	6	39	240	58
633	阿碧	6	40	245	59
634	阿碧	6	41	250	60
635	阿碧	6	42	255	61
636	阿碧	6	43	260	62
637	阿碧	6	44	265	63
638	阿碧	6	45	270	64
639	阿碧	6	46	275	65
640	阿碧	6	47	280	66
641	阿碧	6	48	285	67
642	阿碧	6	49	290	68
643	阿碧	6	50	295	69
644	阿碧	6	51	300	70
645	阿碧	6	52	305	71
646	阿碧	6	53	310	72
647	阿碧	6	54	315	73
648	阿碧	6	55	320	74
649	阿碧	6	56	325	75
650	阿碧	6	57	330	76
651	阿碧	6	58	335	77
652	阿碧	6	59	340	78
653	阿碧	6	60	345	79
654	阿碧	6	61	350	80
655	阿碧	6	62	355	81
656	阿碧	6	63	360	82
657	阿碧	6	64	365	83
658	阿碧	6	65	370	84
659	阿碧	6	66	375	85
660	阿碧	6	67	380	86
661	阿碧	6	68	385	87
662	阿碧	6	69	390	88
663	阿碧	6	70	395	89
664	阿碧	6	71	400	90
665	阿碧	6	72	405	91
666	阿碧	6	73	410	92
667	阿碧	6	74	415	93
668	阿碧	6	75	420	94
669	阿碧	6	76	425	95
670	阿碧	6	77	430	96
671	阿碧	6	78	435	97
672	阿碧	6	79	440	98
673	阿碧	6	80	445	99
674	阿碧	6	81	450	100
675	阿碧	6	82	455	101
676	阿碧	6	83	460	102
677	阿碧	6	84	465	103
678	阿碧	6	85	470	104
679	阿碧	6	86	475	105
680	阿碧	6	87	480	106
681	阿碧	6	88	485	107
682	阿碧	6	89	490	108
683	阿碧	6	90	495	109
684	阿碧	6	91	500	110
685	阿碧	6	92	505	111
686	阿碧	6	93	510	112
687	阿碧	6	94	515	113
688	阿碧	6	95	520	114
689	阿碧	6	96	525	115
690	阿碧	6	97	530	116
691	阿碧	6	98	535	117
692	阿碧	6	99	540	118
693	李秋水	7	1	50	20
694	李秋水	7	2	55	21
695	李秋水	7	3	60	22
696	李秋水	7	4	65	23
697	李秋水	7	5	70	24
698	李秋水	7	6	75	25
699	李秋水	7	7	80	26
700	李秋水	7	8	85	27
701	李秋水	7	9	90	28
702	李秋水	7	10	95	29
703	李秋水	7	11	100	30
704	李秋水	7	12	105	31
705	李秋水	7	13	110	32
706	李秋水	7	14	115	33
707	李秋水	7	15	120	34
708	李秋水	7	16	125	35
709	李秋水	7	17	130	36
710	李秋水	7	18	135	37
711	李秋水	7	19	140	38
712	李秋水	7	20	145	39
713	李秋水	7	21	150	40
714	李秋水	7	22	155	41
715	李秋水	7	23	160	42
716	李秋水	7	24	165	43
717	李秋水	7	25	170	44
718	李秋水	7	26	175	45
719	李秋水	7	27	180	46
720	李秋水	7	28	185	47
721	李秋水	7	29	190	48
722	李秋水	7	30	195	49
723	李秋水	7	31	200	50
724	李秋水	7	32	205	51
725	李秋水	7	33	210	52
726	李秋水	7	34	215	53
727	李秋水	7	35	220	54
728	李秋水	7	36	225	55
729	李秋水	7	37	230	56
730	李秋水	7	38	235	57
731	李秋水	7	39	240	58
732	李秋水	7	40	245	59
733	李秋水	7	41	250	60
734	李秋水	7	42	255	61
735	李秋水	7	43	260	62
736	李秋水	7	44	265	63
737	李秋水	7	45	270	64
738	李秋水	7	46	275	65
739	李秋水	7	47	280	66
740	李秋水	7	48	285	67
741	李秋水	7	49	290	68
742	李秋水	7	50	295	69
743	李秋水	7	51	300	70
744	李秋水	7	52	305	71
745	李秋水	7	53	310	72
746	李秋水	7	54	315	73
747	李秋水	7	55	320	74
748	李秋水	7	56	325	75
749	李秋水	7	57	330	76
750	李秋水	7	58	335	77
751	李秋水	7	59	340	78
752	李秋水	7	60	345	79
753	李秋水	7	61	350	80
754	李秋水	7	62	355	81
755	李秋水	7	63	360	82
756	李秋水	7	64	365	83
757	李秋水	7	65	370	84
758	李秋水	7	66	375	85
759	李秋水	7	67	380	86
760	李秋水	7	68	385	87
761	李秋水	7	69	390	88
762	李秋水	7	70	395	89
763	李秋水	7	71	400	90
764	李秋水	7	72	405	91
765	李秋水	7	73	410	92
766	李秋水	7	74	415	93
767	李秋水	7	75	420	94
768	李秋水	7	76	425	95
769	李秋水	7	77	430	96
770	李秋水	7	78	435	97
771	李秋水	7	79	440	98
772	李秋水	7	80	445	99
773	李秋水	7	81	450	100
774	李秋水	7	82	455	101
775	李秋水	7	83	460	102
776	李秋水	7	84	465	103
777	李秋水	7	85	470	104
778	李秋水	7	86	475	105
779	李秋水	7	87	480	106
780	李秋水	7	88	485	107
781	李秋水	7	89	490	108
782	李秋水	7	90	495	109
783	李秋水	7	91	500	110
784	李秋水	7	92	505	111
785	李秋水	7	93	510	112
786	李秋水	7	94	515	113
787	李秋水	7	95	520	114
788	李秋水	7	96	525	115
789	李秋水	7	97	530	116
790	李秋水	7	98	535	117
791	李秋水	7	99	540	118
792	天山童姥	8	1	50	20
793	天山童姥	8	2	55	21
794	天山童姥	8	3	60	22
795	天山童姥	8	4	65	23
796	天山童姥	8	5	70	24
797	天山童姥	8	6	75	25
798	天山童姥	8	7	80	26
799	天山童姥	8	8	85	27
800	天山童姥	8	9	90	28
801	天山童姥	8	10	95	29
802	天山童姥	8	11	100	30
803	天山童姥	8	12	105	31
804	天山童姥	8	13	110	32
805	天山童姥	8	14	115	33
806	天山童姥	8	15	120	34
807	天山童姥	8	16	125	35
808	天山童姥	8	17	130	36
809	天山童姥	8	18	135	37
810	天山童姥	8	19	140	38
811	天山童姥	8	20	145	39
812	天山童姥	8	21	150	40
813	天山童姥	8	22	155	41
814	天山童姥	8	23	160	42
815	天山童姥	8	24	165	43
816	天山童姥	8	25	170	44
817	天山童姥	8	26	175	45
818	天山童姥	8	27	180	46
819	天山童姥	8	28	185	47
820	天山童姥	8	29	190	48
821	天山童姥	8	30	195	49
822	天山童姥	8	31	200	50
823	天山童姥	8	32	205	51
824	天山童姥	8	33	210	52
825	天山童姥	8	34	215	53
826	天山童姥	8	35	220	54
827	天山童姥	8	36	225	55
828	天山童姥	8	37	230	56
829	天山童姥	8	38	235	57
830	天山童姥	8	39	240	58
831	天山童姥	8	40	245	59
832	天山童姥	8	41	250	60
833	天山童姥	8	42	255	61
834	天山童姥	8	43	260	62
835	天山童姥	8	44	265	63
836	天山童姥	8	45	270	64
837	天山童姥	8	46	275	65
838	天山童姥	8	47	280	66
839	天山童姥	8	48	285	67
840	天山童姥	8	49	290	68
841	天山童姥	8	50	295	69
842	天山童姥	8	51	300	70
843	天山童姥	8	52	305	71
844	天山童姥	8	53	310	72
845	天山童姥	8	54	315	73
846	天山童姥	8	55	320	74
847	天山童姥	8	56	325	75
848	天山童姥	8	57	330	76
849	天山童姥	8	58	335	77
850	天山童姥	8	59	340	78
851	天山童姥	8	60	345	79
852	天山童姥	8	61	350	80
853	天山童姥	8	62	355	81
854	天山童姥	8	63	360	82
855	天山童姥	8	64	365	83
856	天山童姥	8	65	370	84
857	天山童姥	8	66	375	85
858	天山童姥	8	67	380	86
859	天山童姥	8	68	385	87
860	天山童姥	8	69	390	88
861	天山童姥	8	70	395	89
862	天山童姥	8	71	400	90
863	天山童姥	8	72	405	91
864	天山童姥	8	73	410	92
865	天山童姥	8	74	415	93
866	天山童姥	8	75	420	94
867	天山童姥	8	76	425	95
868	天山童姥	8	77	430	96
869	天山童姥	8	78	435	97
870	天山童姥	8	79	440	98
871	天山童姥	8	80	445	99
872	天山童姥	8	81	450	100
873	天山童姥	8	82	455	101
874	天山童姥	8	83	460	102
875	天山童姥	8	84	465	103
876	天山童姥	8	85	470	104
877	天山童姥	8	86	475	105
878	天山童姥	8	87	480	106
879	天山童姥	8	88	485	107
880	天山童姥	8	89	490	108
881	天山童姥	8	90	495	109
882	天山童姥	8	91	500	110
883	天山童姥	8	92	505	111
884	天山童姥	8	93	510	112
885	天山童姥	8	94	515	113
886	天山童姥	8	95	520	114
887	天山童姥	8	96	525	115
888	天山童姥	8	97	530	116
889	天山童姥	8	98	535	117
890	天山童姥	8	99	540	118
891	刀白凤	9	1	50	20
892	刀白凤	9	2	55	21
893	刀白凤	9	3	60	22
894	刀白凤	9	4	65	23
895	刀白凤	9	5	70	24
896	刀白凤	9	6	75	25
897	刀白凤	9	7	80	26
898	刀白凤	9	8	85	27
899	刀白凤	9	9	90	28
900	刀白凤	9	10	95	29
901	刀白凤	9	11	100	30
902	刀白凤	9	12	105	31
903	刀白凤	9	13	110	32
904	刀白凤	9	14	115	33
905	刀白凤	9	15	120	34
906	刀白凤	9	16	125	35
907	刀白凤	9	17	130	36
908	刀白凤	9	18	135	37
909	刀白凤	9	19	140	38
910	刀白凤	9	20	145	39
911	刀白凤	9	21	150	40
912	刀白凤	9	22	155	41
913	刀白凤	9	23	160	42
914	刀白凤	9	24	165	43
915	刀白凤	9	25	170	44
916	刀白凤	9	26	175	45
917	刀白凤	9	27	180	46
918	刀白凤	9	28	185	47
919	刀白凤	9	29	190	48
920	刀白凤	9	30	195	49
921	刀白凤	9	31	200	50
922	刀白凤	9	32	205	51
923	刀白凤	9	33	210	52
924	刀白凤	9	34	215	53
925	刀白凤	9	35	220	54
926	刀白凤	9	36	225	55
927	刀白凤	9	37	230	56
928	刀白凤	9	38	235	57
929	刀白凤	9	39	240	58
930	刀白凤	9	40	245	59
931	刀白凤	9	41	250	60
932	刀白凤	9	42	255	61
933	刀白凤	9	43	260	62
934	刀白凤	9	44	265	63
935	刀白凤	9	45	270	64
936	刀白凤	9	46	275	65
937	刀白凤	9	47	280	66
938	刀白凤	9	48	285	67
939	刀白凤	9	49	290	68
940	刀白凤	9	50	295	69
941	刀白凤	9	51	300	70
942	刀白凤	9	52	305	71
943	刀白凤	9	53	310	72
944	刀白凤	9	54	315	73
945	刀白凤	9	55	320	74
946	刀白凤	9	56	325	75
947	刀白凤	9	57	330	76
948	刀白凤	9	58	335	77
949	刀白凤	9	59	340	78
950	刀白凤	9	60	345	79
951	刀白凤	9	61	350	80
952	刀白凤	9	62	355	81
953	刀白凤	9	63	360	82
954	刀白凤	9	64	365	83
955	刀白凤	9	65	370	84
956	刀白凤	9	66	375	85
957	刀白凤	9	67	380	86
958	刀白凤	9	68	385	87
959	刀白凤	9	69	390	88
960	刀白凤	9	70	395	89
961	刀白凤	9	71	400	90
962	刀白凤	9	72	405	91
963	刀白凤	9	73	410	92
964	刀白凤	9	74	415	93
965	刀白凤	9	75	420	94
966	刀白凤	9	76	425	95
967	刀白凤	9	77	430	96
968	刀白凤	9	78	435	97
969	刀白凤	9	79	440	98
970	刀白凤	9	80	445	99
971	刀白凤	9	81	450	100
972	刀白凤	9	82	455	101
973	刀白凤	9	83	460	102
974	刀白凤	9	84	465	103
975	刀白凤	9	85	470	104
976	刀白凤	9	86	475	105
977	刀白凤	9	87	480	106
978	刀白凤	9	88	485	107
979	刀白凤	9	89	490	108
980	刀白凤	9	90	495	109
981	刀白凤	9	91	500	110
982	刀白凤	9	92	505	111
983	刀白凤	9	93	510	112
984	刀白凤	9	94	515	113
985	刀白凤	9	95	520	114
986	刀白凤	9	96	525	115
987	刀白凤	9	97	530	116
988	刀白凤	9	98	535	117
989	刀白凤	9	99	540	118
990	王夫人	10	1	50	20
991	王夫人	10	2	55	21
992	王夫人	10	3	60	22
993	王夫人	10	4	65	23
994	王夫人	10	5	70	24
995	王夫人	10	6	75	25
996	王夫人	10	7	80	26
997	王夫人	10	8	85	27
998	王夫人	10	9	90	28
999	王夫人	10	10	95	29
1000	王夫人	10	11	100	30
1001	王夫人	10	12	105	31
1002	王夫人	10	13	110	32
1003	王夫人	10	14	115	33
1004	王夫人	10	15	120	34
1005	王夫人	10	16	125	35
1006	王夫人	10	17	130	36
1007	王夫人	10	18	135	37
1008	王夫人	10	19	140	38
1009	王夫人	10	20	145	39
1010	王夫人	10	21	150	40
1011	王夫人	10	22	155	41
1012	王夫人	10	23	160	42
1013	王夫人	10	24	165	43
1014	王夫人	10	25	170	44
1015	王夫人	10	26	175	45
1016	王夫人	10	27	180	46
1017	王夫人	10	28	185	47
1018	王夫人	10	29	190	48
1019	王夫人	10	30	195	49
1020	王夫人	10	31	200	50
1021	王夫人	10	32	205	51
1022	王夫人	10	33	210	52
1023	王夫人	10	34	215	53
1024	王夫人	10	35	220	54
1025	王夫人	10	36	225	55
1026	王夫人	10	37	230	56
1027	王夫人	10	38	235	57
1028	王夫人	10	39	240	58
1029	王夫人	10	40	245	59
1030	王夫人	10	41	250	60
1031	王夫人	10	42	255	61
1032	王夫人	10	43	260	62
1033	王夫人	10	44	265	63
1034	王夫人	10	45	270	64
1035	王夫人	10	46	275	65
1036	王夫人	10	47	280	66
1037	王夫人	10	48	285	67
1038	王夫人	10	49	290	68
1039	王夫人	10	50	295	69
1040	王夫人	10	51	300	70
1041	王夫人	10	52	305	71
1042	王夫人	10	53	310	72
1043	王夫人	10	54	315	73
1044	王夫人	10	55	320	74
1045	王夫人	10	56	325	75
1046	王夫人	10	57	330	76
1047	王夫人	10	58	335	77
1048	王夫人	10	59	340	78
1049	王夫人	10	60	345	79
1050	王夫人	10	61	350	80
1051	王夫人	10	62	355	81
1052	王夫人	10	63	360	82
1053	王夫人	10	64	365	83
1054	王夫人	10	65	370	84
1055	王夫人	10	66	375	85
1056	王夫人	10	67	380	86
1057	王夫人	10	68	385	87
1058	王夫人	10	69	390	88
1059	王夫人	10	70	395	89
1060	王夫人	10	71	400	90
1061	王夫人	10	72	405	91
1062	王夫人	10	73	410	92
1063	王夫人	10	74	415	93
1064	王夫人	10	75	420	94
1065	王夫人	10	76	425	95
1066	王夫人	10	77	430	96
1067	王夫人	10	78	435	97
1068	王夫人	10	79	440	98
1069	王夫人	10	80	445	99
1070	王夫人	10	81	450	100
1071	王夫人	10	82	455	101
1072	王夫人	10	83	460	102
1073	王夫人	10	84	465	103
1074	王夫人	10	85	470	104
1075	王夫人	10	86	475	105
1076	王夫人	10	87	480	106
1077	王夫人	10	88	485	107
1078	王夫人	10	89	490	108
1079	王夫人	10	90	495	109
1080	王夫人	10	91	500	110
1081	王夫人	10	92	505	111
1082	王夫人	10	93	510	112
1083	王夫人	10	94	515	113
1084	王夫人	10	95	520	114
1085	王夫人	10	96	525	115
1086	王夫人	10	97	530	116
1087	王夫人	10	98	535	117
1088	王夫人	10	99	540	118
1089	秦红棉	11	1	50	20
1090	秦红棉	11	2	55	21
1091	秦红棉	11	3	60	22
1092	秦红棉	11	4	65	23
1093	秦红棉	11	5	70	24
1094	秦红棉	11	6	75	25
1095	秦红棉	11	7	80	26
1096	秦红棉	11	8	85	27
1097	秦红棉	11	9	90	28
1098	秦红棉	11	10	95	29
1099	秦红棉	11	11	100	30
1100	秦红棉	11	12	105	31
1101	秦红棉	11	13	110	32
1102	秦红棉	11	14	115	33
1103	秦红棉	11	15	120	34
1104	秦红棉	11	16	125	35
1105	秦红棉	11	17	130	36
1106	秦红棉	11	18	135	37
1107	秦红棉	11	19	140	38
1108	秦红棉	11	20	145	39
1109	秦红棉	11	21	150	40
1110	秦红棉	11	22	155	41
1111	秦红棉	11	23	160	42
1112	秦红棉	11	24	165	43
1113	秦红棉	11	25	170	44
1114	秦红棉	11	26	175	45
1115	秦红棉	11	27	180	46
1116	秦红棉	11	28	185	47
1117	秦红棉	11	29	190	48
1118	秦红棉	11	30	195	49
1119	秦红棉	11	31	200	50
1120	秦红棉	11	32	205	51
1121	秦红棉	11	33	210	52
1122	秦红棉	11	34	215	53
1123	秦红棉	11	35	220	54
1124	秦红棉	11	36	225	55
1125	秦红棉	11	37	230	56
1126	秦红棉	11	38	235	57
1127	秦红棉	11	39	240	58
1128	秦红棉	11	40	245	59
1129	秦红棉	11	41	250	60
1130	秦红棉	11	42	255	61
1131	秦红棉	11	43	260	62
1132	秦红棉	11	44	265	63
1133	秦红棉	11	45	270	64
1134	秦红棉	11	46	275	65
1135	秦红棉	11	47	280	66
1136	秦红棉	11	48	285	67
1137	秦红棉	11	49	290	68
1138	秦红棉	11	50	295	69
1139	秦红棉	11	51	300	70
1140	秦红棉	11	52	305	71
1141	秦红棉	11	53	310	72
1142	秦红棉	11	54	315	73
1143	秦红棉	11	55	320	74
1144	秦红棉	11	56	325	75
1145	秦红棉	11	57	330	76
1146	秦红棉	11	58	335	77
1147	秦红棉	11	59	340	78
1148	秦红棉	11	60	345	79
1149	秦红棉	11	61	350	80
1150	秦红棉	11	62	355	81
1151	秦红棉	11	63	360	82
1152	秦红棉	11	64	365	83
1153	秦红棉	11	65	370	84
1154	秦红棉	11	66	375	85
1155	秦红棉	11	67	380	86
1156	秦红棉	11	68	385	87
1157	秦红棉	11	69	390	88
1158	秦红棉	11	70	395	89
1159	秦红棉	11	71	400	90
1160	秦红棉	11	72	405	91
1161	秦红棉	11	73	410	92
1162	秦红棉	11	74	415	93
1163	秦红棉	11	75	420	94
1164	秦红棉	11	76	425	95
1165	秦红棉	11	77	430	96
1166	秦红棉	11	78	435	97
1167	秦红棉	11	79	440	98
1168	秦红棉	11	80	445	99
1169	秦红棉	11	81	450	100
1170	秦红棉	11	82	455	101
1171	秦红棉	11	83	460	102
1172	秦红棉	11	84	465	103
1173	秦红棉	11	85	470	104
1174	秦红棉	11	86	475	105
1175	秦红棉	11	87	480	106
1176	秦红棉	11	88	485	107
1177	秦红棉	11	89	490	108
1178	秦红棉	11	90	495	109
1179	秦红棉	11	91	500	110
1180	秦红棉	11	92	505	111
1181	秦红棉	11	93	510	112
1182	秦红棉	11	94	515	113
1183	秦红棉	11	95	520	114
1184	秦红棉	11	96	525	115
1185	秦红棉	11	97	530	116
1186	秦红棉	11	98	535	117
1187	秦红棉	11	99	540	118
1188	阮星竹	12	1	50	20
1189	阮星竹	12	2	55	21
1190	阮星竹	12	3	60	22
1191	阮星竹	12	4	65	23
1192	阮星竹	12	5	70	24
1193	阮星竹	12	6	75	25
1194	阮星竹	12	7	80	26
1195	阮星竹	12	8	85	27
1196	阮星竹	12	9	90	28
1197	阮星竹	12	10	95	29
1198	阮星竹	12	11	100	30
1199	阮星竹	12	12	105	31
1200	阮星竹	12	13	110	32
1201	阮星竹	12	14	115	33
1202	阮星竹	12	15	120	34
1203	阮星竹	12	16	125	35
1204	阮星竹	12	17	130	36
1205	阮星竹	12	18	135	37
1206	阮星竹	12	19	140	38
1207	阮星竹	12	20	145	39
1208	阮星竹	12	21	150	40
1209	阮星竹	12	22	155	41
1210	阮星竹	12	23	160	42
1211	阮星竹	12	24	165	43
1212	阮星竹	12	25	170	44
1213	阮星竹	12	26	175	45
1214	阮星竹	12	27	180	46
1215	阮星竹	12	28	185	47
1216	阮星竹	12	29	190	48
1217	阮星竹	12	30	195	49
1218	阮星竹	12	31	200	50
1219	阮星竹	12	32	205	51
1220	阮星竹	12	33	210	52
1221	阮星竹	12	34	215	53
1222	阮星竹	12	35	220	54
1223	阮星竹	12	36	225	55
1224	阮星竹	12	37	230	56
1225	阮星竹	12	38	235	57
1226	阮星竹	12	39	240	58
1227	阮星竹	12	40	245	59
1228	阮星竹	12	41	250	60
1229	阮星竹	12	42	255	61
1230	阮星竹	12	43	260	62
1231	阮星竹	12	44	265	63
1232	阮星竹	12	45	270	64
1233	阮星竹	12	46	275	65
1234	阮星竹	12	47	280	66
1235	阮星竹	12	48	285	67
1236	阮星竹	12	49	290	68
1237	阮星竹	12	50	295	69
1238	阮星竹	12	51	300	70
1239	阮星竹	12	52	305	71
1240	阮星竹	12	53	310	72
1241	阮星竹	12	54	315	73
1242	阮星竹	12	55	320	74
1243	阮星竹	12	56	325	75
1244	阮星竹	12	57	330	76
1245	阮星竹	12	58	335	77
1246	阮星竹	12	59	340	78
1247	阮星竹	12	60	345	79
1248	阮星竹	12	61	350	80
1249	阮星竹	12	62	355	81
1250	阮星竹	12	63	360	82
1251	阮星竹	12	64	365	83
1252	阮星竹	12	65	370	84
1253	阮星竹	12	66	375	85
1254	阮星竹	12	67	380	86
1255	阮星竹	12	68	385	87
1256	阮星竹	12	69	390	88
1257	阮星竹	12	70	395	89
1258	阮星竹	12	71	400	90
1259	阮星竹	12	72	405	91
1260	阮星竹	12	73	410	92
1261	阮星竹	12	74	415	93
1262	阮星竹	12	75	420	94
1263	阮星竹	12	76	425	95
1264	阮星竹	12	77	430	96
1265	阮星竹	12	78	435	97
1266	阮星竹	12	79	440	98
1267	阮星竹	12	80	445	99
1268	阮星竹	12	81	450	100
1269	阮星竹	12	82	455	101
1270	阮星竹	12	83	460	102
1271	阮星竹	12	84	465	103
1272	阮星竹	12	85	470	104
1273	阮星竹	12	86	475	105
1274	阮星竹	12	87	480	106
1275	阮星竹	12	88	485	107
1276	阮星竹	12	89	490	108
1277	阮星竹	12	90	495	109
1278	阮星竹	12	91	500	110
1279	阮星竹	12	92	505	111
1280	阮星竹	12	93	510	112
1281	阮星竹	12	94	515	113
1282	阮星竹	12	95	520	114
1283	阮星竹	12	96	525	115
1284	阮星竹	12	97	530	116
1285	阮星竹	12	98	535	117
1286	阮星竹	12	99	540	118
1287	甘宝宝	13	1	50	20
1288	甘宝宝	13	2	55	21
1289	甘宝宝	13	3	60	22
1290	甘宝宝	13	4	65	23
1291	甘宝宝	13	5	70	24
1292	甘宝宝	13	6	75	25
1293	甘宝宝	13	7	80	26
1294	甘宝宝	13	8	85	27
1295	甘宝宝	13	9	90	28
1296	甘宝宝	13	10	95	29
1297	甘宝宝	13	11	100	30
1298	甘宝宝	13	12	105	31
1299	甘宝宝	13	13	110	32
1300	甘宝宝	13	14	115	33
1301	甘宝宝	13	15	120	34
1302	甘宝宝	13	16	125	35
1303	甘宝宝	13	17	130	36
1304	甘宝宝	13	18	135	37
1305	甘宝宝	13	19	140	38
1306	甘宝宝	13	20	145	39
1307	甘宝宝	13	21	150	40
1308	甘宝宝	13	22	155	41
1309	甘宝宝	13	23	160	42
1310	甘宝宝	13	24	165	43
1311	甘宝宝	13	25	170	44
1312	甘宝宝	13	26	175	45
1313	甘宝宝	13	27	180	46
1314	甘宝宝	13	28	185	47
1315	甘宝宝	13	29	190	48
1316	甘宝宝	13	30	195	49
1317	甘宝宝	13	31	200	50
1318	甘宝宝	13	32	205	51
1319	甘宝宝	13	33	210	52
1320	甘宝宝	13	34	215	53
1321	甘宝宝	13	35	220	54
1322	甘宝宝	13	36	225	55
1323	甘宝宝	13	37	230	56
1324	甘宝宝	13	38	235	57
1325	甘宝宝	13	39	240	58
1326	甘宝宝	13	40	245	59
1327	甘宝宝	13	41	250	60
1328	甘宝宝	13	42	255	61
1329	甘宝宝	13	43	260	62
1330	甘宝宝	13	44	265	63
1331	甘宝宝	13	45	270	64
1332	甘宝宝	13	46	275	65
1333	甘宝宝	13	47	280	66
1334	甘宝宝	13	48	285	67
1335	甘宝宝	13	49	290	68
1336	甘宝宝	13	50	295	69
1337	甘宝宝	13	51	300	70
1338	甘宝宝	13	52	305	71
1339	甘宝宝	13	53	310	72
1340	甘宝宝	13	54	315	73
1341	甘宝宝	13	55	320	74
1342	甘宝宝	13	56	325	75
1343	甘宝宝	13	57	330	76
1344	甘宝宝	13	58	335	77
1345	甘宝宝	13	59	340	78
1346	甘宝宝	13	60	345	79
1347	甘宝宝	13	61	350	80
1348	甘宝宝	13	62	355	81
1349	甘宝宝	13	63	360	82
1350	甘宝宝	13	64	365	83
1351	甘宝宝	13	65	370	84
1352	甘宝宝	13	66	375	85
1353	甘宝宝	13	67	380	86
1354	甘宝宝	13	68	385	87
1355	甘宝宝	13	69	390	88
1356	甘宝宝	13	70	395	89
1357	甘宝宝	13	71	400	90
1358	甘宝宝	13	72	405	91
1359	甘宝宝	13	73	410	92
1360	甘宝宝	13	74	415	93
1361	甘宝宝	13	75	420	94
1362	甘宝宝	13	76	425	95
1363	甘宝宝	13	77	430	96
1364	甘宝宝	13	78	435	97
1365	甘宝宝	13	79	440	98
1366	甘宝宝	13	80	445	99
1367	甘宝宝	13	81	450	100
1368	甘宝宝	13	82	455	101
1369	甘宝宝	13	83	460	102
1370	甘宝宝	13	84	465	103
1371	甘宝宝	13	85	470	104
1372	甘宝宝	13	86	475	105
1373	甘宝宝	13	87	480	106
1374	甘宝宝	13	88	485	107
1375	甘宝宝	13	89	490	108
1376	甘宝宝	13	90	495	109
1377	甘宝宝	13	91	500	110
1378	甘宝宝	13	92	505	111
1379	甘宝宝	13	93	510	112
1380	甘宝宝	13	94	515	113
1381	甘宝宝	13	95	520	114
1382	甘宝宝	13	96	525	115
1383	甘宝宝	13	97	530	116
1384	甘宝宝	13	98	535	117
1385	甘宝宝	13	99	540	118
1386	马夫人	14	1	50	20
1387	马夫人	14	2	55	21
1388	马夫人	14	3	60	22
1389	马夫人	14	4	65	23
1390	马夫人	14	5	70	24
1391	马夫人	14	6	75	25
1392	马夫人	14	7	80	26
1393	马夫人	14	8	85	27
1394	马夫人	14	9	90	28
1395	马夫人	14	10	95	29
1396	马夫人	14	11	100	30
1397	马夫人	14	12	105	31
1398	马夫人	14	13	110	32
1399	马夫人	14	14	115	33
1400	马夫人	14	15	120	34
1401	马夫人	14	16	125	35
1402	马夫人	14	17	130	36
1403	马夫人	14	18	135	37
1404	马夫人	14	19	140	38
1405	马夫人	14	20	145	39
1406	马夫人	14	21	150	40
1407	马夫人	14	22	155	41
1408	马夫人	14	23	160	42
1409	马夫人	14	24	165	43
1410	马夫人	14	25	170	44
1411	马夫人	14	26	175	45
1412	马夫人	14	27	180	46
1413	马夫人	14	28	185	47
1414	马夫人	14	29	190	48
1415	马夫人	14	30	195	49
1416	马夫人	14	31	200	50
1417	马夫人	14	32	205	51
1418	马夫人	14	33	210	52
1419	马夫人	14	34	215	53
1420	马夫人	14	35	220	54
1421	马夫人	14	36	225	55
1422	马夫人	14	37	230	56
1423	马夫人	14	38	235	57
1424	马夫人	14	39	240	58
1425	马夫人	14	40	245	59
1426	马夫人	14	41	250	60
1427	马夫人	14	42	255	61
1428	马夫人	14	43	260	62
1429	马夫人	14	44	265	63
1430	马夫人	14	45	270	64
1431	马夫人	14	46	275	65
1432	马夫人	14	47	280	66
1433	马夫人	14	48	285	67
1434	马夫人	14	49	290	68
1435	马夫人	14	50	295	69
1436	马夫人	14	51	300	70
1437	马夫人	14	52	305	71
1438	马夫人	14	53	310	72
1439	马夫人	14	54	315	73
1440	马夫人	14	55	320	74
1441	马夫人	14	56	325	75
1442	马夫人	14	57	330	76
1443	马夫人	14	58	335	77
1444	马夫人	14	59	340	78
1445	马夫人	14	60	345	79
1446	马夫人	14	61	350	80
1447	马夫人	14	62	355	81
1448	马夫人	14	63	360	82
1449	马夫人	14	64	365	83
1450	马夫人	14	65	370	84
1451	马夫人	14	66	375	85
1452	马夫人	14	67	380	86
1453	马夫人	14	68	385	87
1454	马夫人	14	69	390	88
1455	马夫人	14	70	395	89
1456	马夫人	14	71	400	90
1457	马夫人	14	72	405	91
1458	马夫人	14	73	410	92
1459	马夫人	14	74	415	93
1460	马夫人	14	75	420	94
1461	马夫人	14	76	425	95
1462	马夫人	14	77	430	96
1463	马夫人	14	78	435	97
1464	马夫人	14	79	440	98
1465	马夫人	14	80	445	99
1466	马夫人	14	81	450	100
1467	马夫人	14	82	455	101
1468	马夫人	14	83	460	102
1469	马夫人	14	84	465	103
1470	马夫人	14	85	470	104
1471	马夫人	14	86	475	105
1472	马夫人	14	87	480	106
1473	马夫人	14	88	485	107
1474	马夫人	14	89	490	108
1475	马夫人	14	90	495	109
1476	马夫人	14	91	500	110
1477	马夫人	14	92	505	111
1478	马夫人	14	93	510	112
1479	马夫人	14	94	515	113
1480	马夫人	14	95	520	114
1481	马夫人	14	96	525	115
1482	马夫人	14	97	530	116
1483	马夫人	14	98	535	117
1484	马夫人	14	99	540	118
1485	梅剑	15	1	50	20
1486	梅剑	15	2	55	21
1487	梅剑	15	3	60	22
1488	梅剑	15	4	65	23
1489	梅剑	15	5	70	24
1490	梅剑	15	6	75	25
1491	梅剑	15	7	80	26
1492	梅剑	15	8	85	27
1493	梅剑	15	9	90	28
1494	梅剑	15	10	95	29
1495	梅剑	15	11	100	30
1496	梅剑	15	12	105	31
1497	梅剑	15	13	110	32
1498	梅剑	15	14	115	33
1499	梅剑	15	15	120	34
1500	梅剑	15	16	125	35
1501	梅剑	15	17	130	36
1502	梅剑	15	18	135	37
1503	梅剑	15	19	140	38
1504	梅剑	15	20	145	39
1505	梅剑	15	21	150	40
1506	梅剑	15	22	155	41
1507	梅剑	15	23	160	42
1508	梅剑	15	24	165	43
1509	梅剑	15	25	170	44
1510	梅剑	15	26	175	45
1511	梅剑	15	27	180	46
1512	梅剑	15	28	185	47
1513	梅剑	15	29	190	48
1514	梅剑	15	30	195	49
1515	梅剑	15	31	200	50
1516	梅剑	15	32	205	51
1517	梅剑	15	33	210	52
1518	梅剑	15	34	215	53
1519	梅剑	15	35	220	54
1520	梅剑	15	36	225	55
1521	梅剑	15	37	230	56
1522	梅剑	15	38	235	57
1523	梅剑	15	39	240	58
1524	梅剑	15	40	245	59
1525	梅剑	15	41	250	60
1526	梅剑	15	42	255	61
1527	梅剑	15	43	260	62
1528	梅剑	15	44	265	63
1529	梅剑	15	45	270	64
1530	梅剑	15	46	275	65
1531	梅剑	15	47	280	66
1532	梅剑	15	48	285	67
1533	梅剑	15	49	290	68
1534	梅剑	15	50	295	69
1535	梅剑	15	51	300	70
1536	梅剑	15	52	305	71
1537	梅剑	15	53	310	72
1538	梅剑	15	54	315	73
1539	梅剑	15	55	320	74
1540	梅剑	15	56	325	75
1541	梅剑	15	57	330	76
1542	梅剑	15	58	335	77
1543	梅剑	15	59	340	78
1544	梅剑	15	60	345	79
1545	梅剑	15	61	350	80
1546	梅剑	15	62	355	81
1547	梅剑	15	63	360	82
1548	梅剑	15	64	365	83
1549	梅剑	15	65	370	84
1550	梅剑	15	66	375	85
1551	梅剑	15	67	380	86
1552	梅剑	15	68	385	87
1553	梅剑	15	69	390	88
1554	梅剑	15	70	395	89
1555	梅剑	15	71	400	90
1556	梅剑	15	72	405	91
1557	梅剑	15	73	410	92
1558	梅剑	15	74	415	93
1559	梅剑	15	75	420	94
1560	梅剑	15	76	425	95
1561	梅剑	15	77	430	96
1562	梅剑	15	78	435	97
1563	梅剑	15	79	440	98
1564	梅剑	15	80	445	99
1565	梅剑	15	81	450	100
1566	梅剑	15	82	455	101
1567	梅剑	15	83	460	102
1568	梅剑	15	84	465	103
1569	梅剑	15	85	470	104
1570	梅剑	15	86	475	105
1571	梅剑	15	87	480	106
1572	梅剑	15	88	485	107
1573	梅剑	15	89	490	108
1574	梅剑	15	90	495	109
1575	梅剑	15	91	500	110
1576	梅剑	15	92	505	111
1577	梅剑	15	93	510	112
1578	梅剑	15	94	515	113
1579	梅剑	15	95	520	114
1580	梅剑	15	96	525	115
1581	梅剑	15	97	530	116
1582	梅剑	15	98	535	117
1583	梅剑	15	99	540	118
1584	兰剑	16	1	50	20
1585	兰剑	16	2	55	21
1586	兰剑	16	3	60	22
1587	兰剑	16	4	65	23
1588	兰剑	16	5	70	24
1589	兰剑	16	6	75	25
1590	兰剑	16	7	80	26
1591	兰剑	16	8	85	27
1592	兰剑	16	9	90	28
1593	兰剑	16	10	95	29
1594	兰剑	16	11	100	30
1595	兰剑	16	12	105	31
1596	兰剑	16	13	110	32
1597	兰剑	16	14	115	33
1598	兰剑	16	15	120	34
1599	兰剑	16	16	125	35
1600	兰剑	16	17	130	36
1601	兰剑	16	18	135	37
1602	兰剑	16	19	140	38
1603	兰剑	16	20	145	39
1604	兰剑	16	21	150	40
1605	兰剑	16	22	155	41
1606	兰剑	16	23	160	42
1607	兰剑	16	24	165	43
1608	兰剑	16	25	170	44
1609	兰剑	16	26	175	45
1610	兰剑	16	27	180	46
1611	兰剑	16	28	185	47
1612	兰剑	16	29	190	48
1613	兰剑	16	30	195	49
1614	兰剑	16	31	200	50
1615	兰剑	16	32	205	51
1616	兰剑	16	33	210	52
1617	兰剑	16	34	215	53
1618	兰剑	16	35	220	54
1619	兰剑	16	36	225	55
1620	兰剑	16	37	230	56
1621	兰剑	16	38	235	57
1622	兰剑	16	39	240	58
1623	兰剑	16	40	245	59
1624	兰剑	16	41	250	60
1625	兰剑	16	42	255	61
1626	兰剑	16	43	260	62
1627	兰剑	16	44	265	63
1628	兰剑	16	45	270	64
1629	兰剑	16	46	275	65
1630	兰剑	16	47	280	66
1631	兰剑	16	48	285	67
1632	兰剑	16	49	290	68
1633	兰剑	16	50	295	69
1634	兰剑	16	51	300	70
1635	兰剑	16	52	305	71
1636	兰剑	16	53	310	72
1637	兰剑	16	54	315	73
1638	兰剑	16	55	320	74
1639	兰剑	16	56	325	75
1640	兰剑	16	57	330	76
1641	兰剑	16	58	335	77
1642	兰剑	16	59	340	78
1643	兰剑	16	60	345	79
1644	兰剑	16	61	350	80
1645	兰剑	16	62	355	81
1646	兰剑	16	63	360	82
1647	兰剑	16	64	365	83
1648	兰剑	16	65	370	84
1649	兰剑	16	66	375	85
1650	兰剑	16	67	380	86
1651	兰剑	16	68	385	87
1652	兰剑	16	69	390	88
1653	兰剑	16	70	395	89
1654	兰剑	16	71	400	90
1655	兰剑	16	72	405	91
1656	兰剑	16	73	410	92
1657	兰剑	16	74	415	93
1658	兰剑	16	75	420	94
1659	兰剑	16	76	425	95
1660	兰剑	16	77	430	96
1661	兰剑	16	78	435	97
1662	兰剑	16	79	440	98
1663	兰剑	16	80	445	99
1664	兰剑	16	81	450	100
1665	兰剑	16	82	455	101
1666	兰剑	16	83	460	102
1667	兰剑	16	84	465	103
1668	兰剑	16	85	470	104
1669	兰剑	16	86	475	105
1670	兰剑	16	87	480	106
1671	兰剑	16	88	485	107
1672	兰剑	16	89	490	108
1673	兰剑	16	90	495	109
1674	兰剑	16	91	500	110
1675	兰剑	16	92	505	111
1676	兰剑	16	93	510	112
1677	兰剑	16	94	515	113
1678	兰剑	16	95	520	114
1679	兰剑	16	96	525	115
1680	兰剑	16	97	530	116
1681	兰剑	16	98	535	117
1682	兰剑	16	99	540	118
1683	竹剑	17	1	50	20
1684	竹剑	17	2	55	21
1685	竹剑	17	3	60	22
1686	竹剑	17	4	65	23
1687	竹剑	17	5	70	24
1688	竹剑	17	6	75	25
1689	竹剑	17	7	80	26
1690	竹剑	17	8	85	27
1691	竹剑	17	9	90	28
1692	竹剑	17	10	95	29
1693	竹剑	17	11	100	30
1694	竹剑	17	12	105	31
1695	竹剑	17	13	110	32
1696	竹剑	17	14	115	33
1697	竹剑	17	15	120	34
1698	竹剑	17	16	125	35
1699	竹剑	17	17	130	36
1700	竹剑	17	18	135	37
1701	竹剑	17	19	140	38
1702	竹剑	17	20	145	39
1703	竹剑	17	21	150	40
1704	竹剑	17	22	155	41
1705	竹剑	17	23	160	42
1706	竹剑	17	24	165	43
1707	竹剑	17	25	170	44
1708	竹剑	17	26	175	45
1709	竹剑	17	27	180	46
1710	竹剑	17	28	185	47
1711	竹剑	17	29	190	48
1712	竹剑	17	30	195	49
1713	竹剑	17	31	200	50
1714	竹剑	17	32	205	51
1715	竹剑	17	33	210	52
1716	竹剑	17	34	215	53
1717	竹剑	17	35	220	54
1718	竹剑	17	36	225	55
1719	竹剑	17	37	230	56
1720	竹剑	17	38	235	57
1721	竹剑	17	39	240	58
1722	竹剑	17	40	245	59
1723	竹剑	17	41	250	60
1724	竹剑	17	42	255	61
1725	竹剑	17	43	260	62
1726	竹剑	17	44	265	63
1727	竹剑	17	45	270	64
1728	竹剑	17	46	275	65
1729	竹剑	17	47	280	66
1730	竹剑	17	48	285	67
1731	竹剑	17	49	290	68
1732	竹剑	17	50	295	69
1733	竹剑	17	51	300	70
1734	竹剑	17	52	305	71
1735	竹剑	17	53	310	72
1736	竹剑	17	54	315	73
1737	竹剑	17	55	320	74
1738	竹剑	17	56	325	75
1739	竹剑	17	57	330	76
1740	竹剑	17	58	335	77
1741	竹剑	17	59	340	78
1742	竹剑	17	60	345	79
1743	竹剑	17	61	350	80
1744	竹剑	17	62	355	81
1745	竹剑	17	63	360	82
1746	竹剑	17	64	365	83
1747	竹剑	17	65	370	84
1748	竹剑	17	66	375	85
1749	竹剑	17	67	380	86
1750	竹剑	17	68	385	87
1751	竹剑	17	69	390	88
1752	竹剑	17	70	395	89
1753	竹剑	17	71	400	90
1754	竹剑	17	72	405	91
1755	竹剑	17	73	410	92
1756	竹剑	17	74	415	93
1757	竹剑	17	75	420	94
1758	竹剑	17	76	425	95
1759	竹剑	17	77	430	96
1760	竹剑	17	78	435	97
1761	竹剑	17	79	440	98
1762	竹剑	17	80	445	99
1763	竹剑	17	81	450	100
1764	竹剑	17	82	455	101
1765	竹剑	17	83	460	102
1766	竹剑	17	84	465	103
1767	竹剑	17	85	470	104
1768	竹剑	17	86	475	105
1769	竹剑	17	87	480	106
1770	竹剑	17	88	485	107
1771	竹剑	17	89	490	108
1772	竹剑	17	90	495	109
1773	竹剑	17	91	500	110
1774	竹剑	17	92	505	111
1775	竹剑	17	93	510	112
1776	竹剑	17	94	515	113
1777	竹剑	17	95	520	114
1778	竹剑	17	96	525	115
1779	竹剑	17	97	530	116
1780	竹剑	17	98	535	117
1781	竹剑	17	99	540	118
1782	菊剑	18	1	50	20
1783	菊剑	18	2	55	21
1784	菊剑	18	3	60	22
1785	菊剑	18	4	65	23
1786	菊剑	18	5	70	24
1787	菊剑	18	6	75	25
1788	菊剑	18	7	80	26
1789	菊剑	18	8	85	27
1790	菊剑	18	9	90	28
1791	菊剑	18	10	95	29
1792	菊剑	18	11	100	30
1793	菊剑	18	12	105	31
1794	菊剑	18	13	110	32
1795	菊剑	18	14	115	33
1796	菊剑	18	15	120	34
1797	菊剑	18	16	125	35
1798	菊剑	18	17	130	36
1799	菊剑	18	18	135	37
1800	菊剑	18	19	140	38
1801	菊剑	18	20	145	39
1802	菊剑	18	21	150	40
1803	菊剑	18	22	155	41
1804	菊剑	18	23	160	42
1805	菊剑	18	24	165	43
1806	菊剑	18	25	170	44
1807	菊剑	18	26	175	45
1808	菊剑	18	27	180	46
1809	菊剑	18	28	185	47
1810	菊剑	18	29	190	48
1811	菊剑	18	30	195	49
1812	菊剑	18	31	200	50
1813	菊剑	18	32	205	51
1814	菊剑	18	33	210	52
1815	菊剑	18	34	215	53
1816	菊剑	18	35	220	54
1817	菊剑	18	36	225	55
1818	菊剑	18	37	230	56
1819	菊剑	18	38	235	57
1820	菊剑	18	39	240	58
1821	菊剑	18	40	245	59
1822	菊剑	18	41	250	60
1823	菊剑	18	42	255	61
1824	菊剑	18	43	260	62
1825	菊剑	18	44	265	63
1826	菊剑	18	45	270	64
1827	菊剑	18	46	275	65
1828	菊剑	18	47	280	66
1829	菊剑	18	48	285	67
1830	菊剑	18	49	290	68
1831	菊剑	18	50	295	69
1832	菊剑	18	51	300	70
1833	菊剑	18	52	305	71
1834	菊剑	18	53	310	72
1835	菊剑	18	54	315	73
1836	菊剑	18	55	320	74
1837	菊剑	18	56	325	75
1838	菊剑	18	57	330	76
1839	菊剑	18	58	335	77
1840	菊剑	18	59	340	78
1841	菊剑	18	60	345	79
1842	菊剑	18	61	350	80
1843	菊剑	18	62	355	81
1844	菊剑	18	63	360	82
1845	菊剑	18	64	365	83
1846	菊剑	18	65	370	84
1847	菊剑	18	66	375	85
1848	菊剑	18	67	380	86
1849	菊剑	18	68	385	87
1850	菊剑	18	69	390	88
1851	菊剑	18	70	395	89
1852	菊剑	18	71	400	90
1853	菊剑	18	72	405	91
1854	菊剑	18	73	410	92
1855	菊剑	18	74	415	93
1856	菊剑	18	75	420	94
1857	菊剑	18	76	425	95
1858	菊剑	18	77	430	96
1859	菊剑	18	78	435	97
1860	菊剑	18	79	440	98
1861	菊剑	18	80	445	99
1862	菊剑	18	81	450	100
1863	菊剑	18	82	455	101
1864	菊剑	18	83	460	102
1865	菊剑	18	84	465	103
1866	菊剑	18	85	470	104
1867	菊剑	18	86	475	105
1868	菊剑	18	87	480	106
1869	菊剑	18	88	485	107
1870	菊剑	18	89	490	108
1871	菊剑	18	90	495	109
1872	菊剑	18	91	500	110
1873	菊剑	18	92	505	111
1874	菊剑	18	93	510	112
1875	菊剑	18	94	515	113
1876	菊剑	18	95	520	114
1877	菊剑	18	96	525	115
1878	菊剑	18	97	530	116
1879	菊剑	18	98	535	117
1880	菊剑	18	99	540	118
