Id	Desc	TargetPosX	TargetPosY	TargetPosZ	TargetPosRadius	CameraMove	DialogType	SpeakerID	SpriteName	Story	NextPageTime	SendMsgOnOver	PauseOnOver
INT	STRING	FLOAT	FLOAT	FLOAT	FLOAT	INT	INT	INT	STRING	STRING	FLOAT	INT	INT
#													
#id唯一标示	策划维护，程序不读	目标X坐标	目标Y坐标	目标Z坐标	距离目标半径	移动摄像机到目标（0不移动，1移动到目标坐标，2移回玩家）	"界面表现类型（0不显示任何，1显示传统大对话，2,显示小对话，3显示电影大对话，4显示电影小对话，5只显示电影黑边）"	说话者ID(-1为玩家)	Sprite名称	剧情内容	文字显示完成后翻页时间	翻页时是否触发逻辑	翻页时是否暂停
1	任务1	56.05	0	8.91	2	0	0	-1	MainPlayer	头好晕，我到底是怎么了？[ca12ff]“方舟”[b4ffd1]呢？	5	0	0
						0	0	-1	MainPlayer	这里是哪里？这里是……暮色雨林！	5	0	0
						0	0	-1	MainPlayer	不行，我一定要马上告诉其他人[ca12ff]“方舟”[b4ffd1]已经被魔王摧毁了！	5	0	0
						0	0	6	BeiYin	[ffffff]$N[b4ffd1]你醒了？你别着急动！“方舟”的事莉莉丝大人已经告知了。放心，贤者们一定能守护我们的。	5	0	0
2	任务3	79.1	0	22.6	2	0	0	-1	MainPlayer	你为什么会对魔王这么感兴趣啊……	5	0	0
						0	0	1152	Karna	女人这种生物就是会对强大的存在感到向往的啦~好啦快点告诉我吧~	5	0	0
						0	0	-1	MainPlayer	好吧……他很强大……比我要厉害得多，但是我不会放弃，我一定要打倒他！	5	0	0
3	任务5	79.1	0	22.6	2	0	0	-1	MainPlayer	刚刚击杀顶角豹的过程中，我发现我的能力全都没了……	5	0	0
						0	0	8	JieXiKa	难道跟你之前受伤有关？刚好贤者乔安娜大人和那个莉莉丝大人都来了，相信她们一定知道些什么~	5	0	0
						0	0	-1	MainPlayer	嗯，也只有这样了，不然的话，我这状况，再也没办法进贤者之塔进修了啊！	5	0	0
4	任务8	77.52	0	84.11	2	0	0	-1	MainPlayer	不是你跟乔安娜大人一起救我回来的吗，竟然才认出我……我发现我的能力好像消失了…	5	0	0
						0	0	9	Lilith	哎哟~我记人能力差嘛~话说当时[ca12ff]“方舟”[b4ffd1]的碎片有一些融入了你体内，也许是因为这个~	5	0	0
						0	0	-1	MainPlayer	这难道说我…不能恢复了吗？那我…不！我要重新锻炼自己，我一定要战胜魔王！	5	0	0
5	任务9	77.52	0	84.11	2	0	0	-1	MainPlayer	我之前习惯了独来独往，也并不觉得有什么不方便之处啊？	5	0	0
6	任务11	45.2	0	86	2	0	0	-1	MainPlayer	帮手吗？我并不需要，虽然我现在失去了能力，但是我一定会强大起来打败魔王的！	5	0	0
7	任务12	45.2	0	86	2	0	0	-1	MainPlayer	狗确实是人类难得的忠实伙伴。	5	0	0
8	任务52	66.1	0	70.9	2	0	0	-1	MainPlayer	……小孩……是贝因先生拜托我来确认情况的！	5	0	0
						0	0	31	Tyski	贝因？那家伙还真是多管闲事！刚才出现了那么多[ff0006]骷髅[b4ffd1]，我们启动了这里的机器人，但是却失控了！这种小事而已！	5	0	0
						0	0	-1	MainPlayer	会不会是启动的时候操作失误了……	5	0	0
9	任务16	21.76	0	60.37	2	0	0	-1	MainPlayer	什么叫做“小家伙”！我可是要进贤者之塔的人！	5	0	0
						0	0	7	JiCheShi	好的好的我知道啦！还真是个有志气的小家伙啊！	5	0	0
						0	0	-1	MainPlayer	你……算了，你在这里是遇到了什么困难吗？	5	0	0
10	任务18	21.76	0	60.37	2	0	0	-1	MainPlayer	你这样？你是指？	5	0	0
								7	JiCheShi	你看这机车！还有这翅膀！在这个大陆上，这就是实力的象征！	5	0	0
								-1	MainPlayer	还有这样的规矩吗！那要怎么才能获得这些呢？	5	0	0
11	任务53	66.1	0	70.9	2	0	0	-1	MainPlayer	看起来还有很长一段话的样子……	5	0	0
						0	0	31	Tyski	在这个城镇里有着大陆闻名的机械研究院，我们研究出来的机械那是出了名的先进！	5	0	0
12	任务54	66.1	0	70.9	2	0	0	-1	MainPlayer	另一个研究所？	5	0	0
						0	0	31	Tyski	哼！难道你以为我们这种大陆闻名的研究所只有这一个地方？！	5	0	0
						0	0	-1	MainPlayer	哦不不不，我的意思是那个地方在哪……	5	0	0
13	任务23	8.2	0	21.2	2	0	0	-1	MainPlayer	哎？奇怪的事情？	5	0	0
						0	0	1155	MeiLiYa	嗯对，首先就是这里突然就聚集了大量的蚊子……是不是我们有什么地方触怒了守护神呢……	5	0	0
						0	0	-1	MainPlayer	蚊子吗……包在我身上！	5	0	0
14	任务25	8.2	0	21.2	2	0	0	-1	MainPlayer	果然是“方舟”被破坏了导致的吗……	5	0	0
						0	0	1155	MeiLiYa	很有可能……如果没有被破坏就好了呢……	5	0	0
15	任务26	8.2	0	21.2	2	0	0	-1	MainPlayer	那是什么？	5	0	0
						0	0	12	Lilith	我想你身体里可能产生了一个[ffffff]魂器[b4ffd1]，而它通过吸收魔灵来让你变得更加强大。	5	0	0
						0	0	-1	MainPlayer	可为什么我突然会有这个能力？	5	0	0
16	任务27	8.2	0	21.2	2	0	0	-1	MainPlayer	哎？是什么？	5	0	0
						0	0	1155	MeiLiYa	最近我们部落的小孩们经常会离奇失踪……	5	0	0
						0	0	-1	MainPlayer	小孩失踪啊……会不会只是贪玩走丢了？	5	0	0
17	任务56	66.1	0	70.9	2	0	0	31	Tyski	小孩子，你去看看那些机器人有没有什么可疑的地方？	5	0	0
18	任务57	66.1	0	70.9	2	0	0	-1	MainPlayer	是个什么样的魔法？	5	0	0
19	任务30	8.2	0	21.2	2	0	0	-1	MainPlayer	之前我清理蚊子的时候就有这种感受，如果一般镇民遭遇了它们可不是什么好事儿。	5	0	0
20	任务32	8.2	0	21.2	2	0	0	-1	MainPlayer	要研制解药吗？我终于开始觉得你确实是位贤者了。	5	0	0
21	任务59	28.9	0	60.7	2	0	0	-1	MainPlayer	就是这个部件……小心点毕竟不知道会发生什么……	5	0	0
								32	ALiAoNaiEr	就交给我吧！啊呀！（阿里奥奈尔不小心摔坏了部件）	5	0	0
								-1	MainPlayer	你……算啦我再去找找还有没有吧……	5	0	0
22	任务34	8.2	0	21.2	2	0	0	-1	MainPlayer	你在呼啸沙漠……难道那些孩子都是在这里失踪的？	5	0	0
23	任务36	85.1	0	38.7	2	0	0	-1	MainPlayer	是这样的瑟克萨斯先生，最近这里不是经常会发生一些异变吗？我之前已经解决了蚊子的那个……	5	0	0
						0	0	14	Sekesasi	什么！那我真得替贤者之塔好好谢谢你啊！	5	0	0
						0	0	-1	MainPlayer	不不不！还有另外一件棘手的事情，你知道最近这里有小孩失踪的事情吗？	5	0	0
24	任务60	28.9	0	60.7	2	0	0	-1	MainPlayer	呃……只是推测嘛……	5	0	0
						0	0	32	ALiAoNaiEr	对啊，你看机器人们碰了它之后就狂暴了，我碰到它的时候也是头一晕，那不是这种魔法会是什么？	5	0	0
						0	0	-1	MainPlayer	我竟无言以对……不过不知道这里还有没有幸免于难的机器人啊……	5	0	0
25	任务38	85.1	0	38.7	2	0	0	-1	MainPlayer	其实还好，不过瑟克萨斯先生，这个不太像是你的东西啊？	5	0	0
						0	0	14	Sekesasi	呃……嗯……其实……是我女儿的……	5	0	0
						0	0	-1	MainPlayer	瑟克萨斯先生你原来还有个女儿？肯定很可爱~	5	0	0
26	任务39	85.1	0	38.7	2	0	0	-1	MainPlayer	[f8fb04]派特太太[b4ffd1]跟我说很久没见到她的孙女了让我替她问候下，她……您的女儿，现在在哪儿？	5	0	0
						0	0	14	Sekesasi	她……失踪了……是第一个失踪的孩子……（痛苦）	5	0	0
						0	0	-1	MainPlayer	抱歉……但是我一定会帮你找到你女儿的！这件事，请允许我报告莉莉丝大人。	5	0	0
27	任务40	85.1	0	38.7	2	0	0	-1	MainPlayer	抱歉瑟克萨斯先生，我一定会帮你找到你女儿的！	5	0	0
								14	Sekesasi	嗯……	5	0	0
								-1	MainPlayer	啊对了！我得赶快回去找莉莉丝大人报告！	5	0	0
28	任务41	85.1	0	38.7	2	0	0	14	Sekesasi	看你这么着急，那我把这个滑板送给你吧，这样能加快你的速度。	5	0	0
29	任务42	8.2	0	21.2	2	0	0	-1	MainPlayer	莉莉丝大人，请让我变得更强大吧！	5	0	0
						0	0	12	Lilith	哎？发生了什么？	5	0	0
								-1	MainPlayer	瑟克萨斯的女儿也是失踪的孩子中的一个，我一定要抓住凶手！	5	0	0
30	任务61	28.9	0	60.7	2	0	0	-1	MainPlayer	难道说这次的事件跟这个部件有关系？	5	0	0
								32	ALiAoNaiEr	有可能哦~这样的部件肯定不止一个！如果是在这里的机器人上发现的，那么……	5	0	0
								-1	MainPlayer	你是说这里剩下的机器人也会有这个部件？	5	0	0
31	任务62	28.9	0	60.7	2	0	0	32	ALiAoNaiEr	我会告诉你仓库在哪里，剩下的就交给你了~	5	0	0
32	任务46	8.2	0	21.2	2	0	0	-1	MainPlayer	这怎么可能！那她还能在哪儿？！	5	0	0
33	任务47废弃	85.1	0	38.7	2	0	0	12	Lilith	先别管这个了，周边的土著开始攻击城镇了！贝因正在城镇入口处防守，你快去帮他吧！	5	0	0
34	任务49	85.1	0	38.7	2	0	0	-1	MainPlayer	瑟克萨斯先生，我……我和莉莉丝大人解救了孩子们，但是……里面并没有你的女儿……	5	0	0
						0	0	14	Sekesasi	等等！……你是……从谁那里解救的？	5	0	0
						0	0	-1	MainPlayer	一个狰狞的怪物，不过你放心，我已经把它杀死了，它不会再危害其他孩子了。	5	0	0
35	任务63	28.9	0	60.7	2	0	0	-1	MainPlayer	[f8fb04]黑伊尔[b4ffd1]？那是谁？	5	0	0
								32	ALiAoNaiEr	是机械研究所的老前辈啦，不管是魔法还是机械方面都很有建树，同时还是我的老师呢~	5	0	0
								-1	MainPlayer	你说很久不见……有多久？	5	0	0
36	任务64	28.9	0	60.7	2	0	0	32	ALiAoNaiEr	想起来我也很担心黑伊尔老师的现状，能麻烦你去机械研究所里面看下情况吗？	5	0	0
37	任务66	11.4	0	82.8	2	0	0	-1	MainPlayer	嗓门好大……	5	0	0
						0	0	33	HeiYiEr	我只是尝试用魔法的力量来使机器人拥有更高的智能罢了！	5	0	0
						0	0	-1	MainPlayer	可是……为什么要这么做？	5	0	0
38	任务67	11.4	0	82.8	2	0	0	33	HeiYiEr	这件事情我必须向上面报告！小朋友，陪我去[f8fb04]勒克斯港[b4ffd1]报告这件事情吧！	5	0	0
39	任务70	12.08	16.10297	33.57	2	0	0	-1	MainPlayer	是啊……你不是暮色雨林的烹饪师嘛？	5	0	0
40	任务71	35.43	15.8635	8.01	2	0	0	-1	MainPlayer	是啊……你不是暮色雨林的烹饪师嘛？	5	0	0
41	任务72	57.48	20.90073	27.68	2	0	0	-1	MainPlayer	什么事情会比追踪艾莉娜更重要？	5	0	0
						0	0	36	HuoMuSi	之前收到了在黄昏湖畔的研究员的联络，他希望能有人去那边帮助他的实验，这里人手不足，能请你替我去那边么？	5	0	0
						0	0	-1	MainPlayer	相比之下我更想去追踪[f8fb04]艾莉娜[b4ffd1]……	5	0	0
42	任务78	9.8	0	23	2	0	0	-1	MainPlayer	【替代对话】此处为新手引导教学，新增功能待实现。	5	0	0
43	任务85	38.8	0	50.2	2	0	0	-1	MainPlayer	我当然相信你不是可疑人物……但是你真的不是什么传说中的水管工出来打败怪物拯救公主的么……	5	0	0
								41	Fread	当然不是！！我追着伙伴的步伐终于找到了这里！但是还没找到我的伙伴们！	5	0	0
44	任务89	23.9	0	40.3	2	0	0	-1	MainPlayer	最近发生了什么变化么？	5	0	0
						0	0	39	Lilith	你也看到了，兽人们变的狂暴了，这里的也是，很多兽人会袭击路人呢。	5	0	0
						0	0	-1	MainPlayer	难不成[f8fb04]弗里德[b4ffd1]的同伴被兽人们袭击了？	5	0	0
45	任务92	29.9	0	56.2	2	0	0	-1	MainPlayer	一行四人？你在找的是不是叫[f8fb04]弗里德[b4ffd1]？他就在这条路的前面。	5	0	0
						0	0	42	Lin	这个傻瓜……我去找他	5	0	0
						0	0	-1	MainPlayer	我也得回去报告[f8fb04]莉莉丝[b4ffd1]大人这件事情。	5	0	0
46	任务94	23.9	0	40.3	2	0	0	-1	MainPlayer	啊？这是为什么？	5	0	0
						0	0	39	Lilith	你想啊，正常人谁敢来兽人的领地旅行，而且那个叫[f8fb04]琳[b4ffd1]的不是也不敢出现嘛~	5	0	0
						0	0	-1	MainPlayer	这……未免有点牵强吧	5	0	0
47	任务95	23.9	0	40.3	2	0	0	-1	MainPlayer	啊？发生了什么？	5	0	0
						0	0	39	Lilith	我也不知道，我现在没办法使用大量的魔力，魔法威力也下降了很多。真是倒霉呢。	5	0	0
						0	0	-1	MainPlayer	对这种现象你有什么推测嘛？	5	0	0
48	任务99	29.9	0	56.2	2	0	0	-1	MainPlayer	什么消息？	5	0	0
						0	0	42	Lin	我的伙伴传来了一个消息，兽人军队已经就要准备完毕了。	5	0	0
						0	0	-1	MainPlayer	什么？！那就得赶紧过去了，我得先去报告莉莉丝大人！	5	0	0
49	任务101	23.9	0	40.3	2	0	0	-1	MainPlayer	当然可以，只不过它已经损坏了……	5	0	0
						0	0	-1	MainPlayer	不我没有去调查遗迹……	5	0	0
						0	0	39	Lilith	哎为什么？发生什么了吗？	5	0	0
						0	0	-1	MainPlayer	刚才听琳说兽人已经基本准备完毕了，我准备去问问。			
50	任务104	43.3	0	43.8	2	0	0	-1	MainPlayer	之前在调查遗迹的时候发现了这个损坏了的古代机械，她说你可能会知道怎么修理。	5	0	0
						0	0	52	Pellant	机械部件？能拿过来给我看看吗？	5	0	0
51	任务105	43.3	0	43.8	2	0	0	-1	MainPlayer	土著祭祀！？我们和兽人之间不是应该语言不通吗？	5	0	0
52	任务107	34.2	0	43.5	2	0	0	-1	MainPlayer	这里究竟发生了什么？	5	0	0
						0	0	53	TuZhuJiSi	吼……我也不清楚，自从前几天族人喝了湖里的水之后，大家都变得狂躁了。	5	0	0
						0	0	-1	MainPlayer	湖里的水？我记得基因研究院的人们在研究这里的水质啊。	5	0	0
53	任务108	34.2	0	43.5	2	0	0	-1	MainPlayer	什么！那可真糟糕！有什么我可以做的吗？	5	0	0
54	任务111	28.3	0	43.2	2	0	0	-1	MainPlayer	刚才从一个兽人那里听说了兽人要去进攻勒克斯港。	5	0	0
55	任务114	28.3	0	43.2	2	0	0	-1	MainPlayer	是嘛！那太好了！	5	0	0
56	任务117	39	0	39.6	2	0	0	-1	MainPlayer	以兽人的智商，怎么可能集结成这样的军队！	5	0	0
57	任务120	39	0	39.6	2	0	0	-1	MainPlayer	这个修尔克，是你的熟人吗？	5	0	0
						0	0	55	Lin	是曾经盗贼协会的伙伴……我本以为他死了……居然还活着……	5	0	0
58	任务124	11.4	0	19.2	2	0	0	-1	MainPlayer	可是这样一来，兽人们就会加紧进攻的脚步了，也会加紧盘查了。	5	0	0
						0	0	60	Pellant	往好的方面想，前锋已经被我们消灭了，而且我们已经顺利的到达黄昏要塞了。	5	0	0
						0	0	-1	MainPlayer	嗯……可是真的银木先生呢？要怎么办？	5	0	0
59	任务125	11.4	0	19.2	2	0	0	-1	MainPlayer	哎？这个怎么说？	5	0	0
						0	0	60	Pellant	因为直到我们分散前他是没有机会做这种事情的，这个我敢保证	5	0	0
						0	0	-1	MainPlayer	难道这次的事情不只有[f8fb04]修尔克[b4ffd1]参与……还有别的人？！	5	0	0
60	任务128	11.8	0	12.7	2	0	0	-1	MainPlayer	你喝了这里的水了吗？	2	0	0
61	任务130	12.8	0	31.7	2	0	0	-1	MainPlayer	这种时候还要节外生枝吗……下水管对你的吸引力就这么大么……	5	0	0
								62	Fread	对啊……不对！这么不知变通就跟琳一样了啊！你想想，万一有什么隐藏金币的，不就赚了吗！	5	0	0
								-1	MainPlayer	可是……那边的好像是……僵尸？	5	0	0
62	任务132	12.8	0	31.7	2	0	0	-1	MainPlayer	但是这里的遗迹为什么会有这种东西？	5	0	0
								62	Fread	我哪知道？一般只有血色冰封才会有僵尸，这个地方出现了还真是稀奇。	5	0	0
								62	Fread	算了，话归正题，来探讨下兽人的事情吧。	5	0	0
								-1	MainPlayer	早该如此……	5	0	0
63	任务135	30.8	0	19.3	2	0	0	-1	MainPlayer	不妙？	5	0	0
64	任务139	9.8	0	50	2	0	0	-1	MainPlayer	这么说，你和这次的事件没有关系了？	5	0	0
								64	PiYaSuoLa	哼！能有什么关系！我对这个事情一概不知！	5	0	0
								-1	MainPlayer	但是[f8fb04]皮亚索拉[b4ffd1]先生，你是怎么自己来到兽人大营的？	5	0	0
65	任务142	10	0	56.9	2	0	0	-1	MainPlayer	那假如我没打过那些巨魔呢？	5	0	0
								65	AerDeBaLan	那个时候我自然会出手。虽然以你的实力并不会不敌。	5	0	0
								-1	MainPlayer	怎么感觉被耍了啊……	5	0	0
66	任务144	10	0	56.9	2	0	0	-1	MainPlayer	这……这不是我之前放到湖里的机器人？！	5	0	0
								65	AerDeBaLan	但是我觉得这就是这个时间的罪魁祸首，你应该是无辜的。如果我没猜错，这个应该是基因研究会让你这么做的吧。	5	0	0
								-1	MainPlayer	准确的说是皮亚索拉先生，但是是我亲手放到水里的，我也有责任。	5	0	0
67	任务145	10	0	56.9	2	0	0	-1	MainPlayer	那艾莉娜博士……你为什么会冒着危险到这里啊……	5	0	0
								172	AiLiNa	唔……还不是[f8fb04]阿里奥奈尔[b4ffd1]那孩子，刚才看到他被一个巨大的身影带走了……	5	0	0
								-1	MainPlayer	巨大的身影？！难道是这次事件的幕后黑手？！不过艾莉娜博士你放心吧，基因研究所已经派[f8fb04]马修斯[b4ffd1]博士来支援了！	5	0	0
68	任务146	10	0	56.9	2	0	0	-1	MainPlayer	哎？是什么？	5	0	0
						0	0	65	AerDeBaLan	这里的黄昏要塞，应该已经失去机能了，是谁入侵了把它激活的呢？	5	0	0
						0	0	-1	MainPlayer	呃……之前好像是佩特伦他们好像被误导进去过……	5	0	0
69	任务148	12.2	0	53.5	2	0	0	-1	MainPlayer	嗯，在兽人大营里我发现了[f8fb04]皮亚索拉[b4ffd1]先生，我怀疑这一切都是他捣的鬼，但是没有明确的证据……	5	0	0
						0	0	66	Lilith	基因研究会啊……可惜并不在我的管辖之内呢~而且这个事件还没有结束哦~	5	0	0
						0	0	-1	MainPlayer	什么！？难道异变还在继续？	5	0	0
70	任务152	12.2	0	53.5	2	0	0	-1	MainPlayer	居然现在才想起来……可真是往后延了好久啊……	5	0	0
								66	Lilith	哎呀~你也知道我记性不好嘛~刚才魔力恢复了，我感受到这附近还有另一个闲着的存在哦~	5	0	0
								-1	MainPlayer	另一个贤者？是谁？	5	0	0
71	帮会-掌门问候	12.08	-1	33.57	2	0	0	-1	MainPlayer	帮内兄弟让我来问候王姑娘。	5	0	0
						0	0	218	wangyuyan	贵帮太客气了，谢谢一直惦记。	5	0	0
72	帮会-掌门问候	54	-1	32	2	0	0	-1	MainPlayer	多日不见，帮内兄弟老是提起您，让我来来看看你。	5	0	0
						0	0	8	QiaoFeng	乔峰何德何能让各位记挂，在此谢过。	5	0	0
73	帮会-掌门问候	60.76	-1	51.64	2	0	0	-1	MainPlayer	帮内兄弟让我问候你，有空要常走动啊。	5	0	0
						0	0	200	abi	一定去，贵帮真是重情义。	5	0	0
74	cabal1_【开场】小怪嚣张	-1	-1	-1	-1	0	1	1079	head-monster01	时空裂痕开启在即！杀！	2	0	0
75	cabal2_【开场】BOSS出场	71.49	58.42	64.44	-1	1	0	1080	PingPangWuYaoWang	渺小的种族……千年前因为瓦伦汀的阻挠你们才能苟延残喘。不过到此为止了！时空裂痕一开便是你们的死期。	5	0	0
76	cabal4_【开场】玩家独白	-1	-1	-1	-1	0	0	-1	abi	他们要摧毁时空稳定器制造地狱与现世联接的时空裂痕毁灭人类！我必须阻止他们的邪恶计划！	5	0	0
77	cabal8_【开场】BOSS挑衅	22	56.5	57	-1	1	0	1080	PingPangWuYaoWang	阻碍计划者，死！	5	0	0
78	cabal9_【开场】玩家自傲	-1	-1	-1	-1	0	0	-1	abi	你妄图摧毁时空稳定器召出恶魔军团？有我在这里你就休想！	5	0	0
79	cabal10_【开场】BOSS嘲讽	22	56.5	57	-1	1	0	1080	PingPangWuYaoWang	你如此孱弱无力也妄想阻止我？异想天开！	5	0	0
80	cabal3_【开场】BOSS炸车	-1	-1	-1	-1	0	0	1080	PingPangWuYaoWang	渺小的种族……千年前因为瓦伦汀的阻挠你们才能苟延残喘。不过到此为止了！时空裂痕一开便是你们的死期。	5	0	0
						0	0	1080	PingPangWuYaoWang	时机已到，我们的时代即将到来！你这种蝼蚁还是随列车一起葬身于此吧，我没有兴趣和蝼蚁浪费时间！	5	0	0
81	cabal5_【开场】小怪阻挠1	43	56.5	13	1079	0	1	1079	head-monster01	不能让他破坏计划！	2	0	0
82	cabal6_【开场】小怪阻挠2	31	56.5	22	1079	0	1	1079	head-monster01	阻止他前往时空稳定器！	2	0	0
83	cabal7_【开场】玩家阻挠	-1	-1	-1	-1	0	0	-1	abi	休想破坏时空稳定器！	5	0	0
84	cabal11_【开场】进沙漠后BOSS挑衅	-1	-1	-1	-1	0	0	1080	PingPangWuYaoWang	保护着你们人类的屏障——“方舟”就此便要摧毁了！人类的灭亡也不过是时间的问题！	5	0	0
10001	任务1	42.26514	22	22.56848	2	0	0	6	BeiYin	$R醒了？你刚苏醒不要这么着急动，会很不舒服的！	5	0	0
						0	0	-1	MainPlayer	"可是""方舟"",保护着咱们不受邪恶力量侵蚀，不被外界魔物骚扰的""方舟""被摧毁了！"	5	0	0
						0	0	6	BeiYin	你不要惊慌，这件事情贤者[f8fb04]乔安娜[b4ffd1]大人已经告知我们了，而你就是她救回来的。不要懊悔，你已经做得很好了！	5	0	0
						0	0	-1	MainPlayer	可是我仍然没有阻止这一切发生……	5	0	0
						0	0	6	BeiYin	不要诅丧，$R我们还有伟大的贤者们，他们一定能守护我们的。	5	0	0
85	暮色雨林副本1对话1	-1	-1	-1	-1	0	0	-1	MainPlayer	糟糕！居然被这些家伙埋伏了！这下糟糕了！	5	0	0
								-1	MainPlayer	再这样下去会被打败的！可恶！如果我还有以前的力量的话……	5	0	0
								-1	MainPlayer	不！不能就这么放弃！	5	0	0
86	暮色雨林副本1对话2	-1	-1	-1	-1	0	0	-1	MainPlayer	呼……看起来结束了，幸好在关键时刻找到了一点之前的力量。	5	0	0
						0	0	-1	MainPlayer	只不过距离完全恢复还差得远……我还要继续努力！	5	0	0
87	暮色雨林副本1对话3	-1	-1	-1	-1	0	0	-1	MainPlayer	哎？这是什么？莫非是她的力量的源泉？	5	0	0
								-1	MainPlayer	不过这里也没看到失踪的孩子们啊……看起来她与这个事件无关啊……	5	0	0
								-1	MainPlayer	发展的时候毁灭了她们的家园啊……这些事情还真是……无可奈何啊……总之还是先回去吧。	5	0	0
88	临时对话	0	0	0	2	0	0	-1	MainPlayer	【替代对话】此处为新手引导教学，新增功能待实现。	5	0	0
89	黄昏边境剧情副本1对话1	-1	-1	-1	-1	0	0	-1	MainPlayer	我一定要找到失踪的孩子们！	5	0	0
90	黄昏边境剧情副本1对话2	-1	-1	-1	-1	0	0	26	NvWangFeng	就是你破坏了我的计划？还杀掉了我的子民？	5	0	0
								-1	MainPlayer	计划？难道攻击城镇是你计划的？！	5	0	0
								26	NvWangFeng	正是！你们人类肆意破坏我们的家园！却从没想过我们的处境！现在让你们也来体会这种痛苦吧！	5	0	0
91	黄昏边境剧情副本1对话3	-1	-1	-1	-1	0	0	-1	MainPlayer	奇怪，这里没有失踪的孩子们啊	5	0	0
								-1	MainPlayer	算了，总之还是回去找贤者莉莉丝问一下吧。	5	0	0
92	黄昏边境剧情副本2对话1	-1	-1	-1	-1	0	0	29	ChiYanMoYing	这是要来破坏我的仪式吗……那我只能让你有来无回了！	5	0	0
93	黄昏边境剧情副本2对话2	-1	-1	-1	-1	0	0	29	ChiYanMoYing	虽然被你破坏了仪式，但是你一定会后悔的，那再会了~	5	0	0
94	黄昏边境剧情副本3对话1	-1	-1	-1	-1	0	0	-1	MainPlayer	瑟克萨斯先生……	5	0	0
								30	SeKeSaSi	我的女儿……	5	0	0
								-1	MainPlayer	瑟克萨斯别担心，我会救回你的女儿的，这里危……	5	0	0
								30	SeKeSaSi	你杀死了我的女儿！我要你在这里为她偿命！！！	5	0	0
95	黄昏边境剧情副本3对话2	-1	-1	-1	-1	0	0	30	SeKeSaSi	女儿！我的女儿！是你吗！	5	0	0
								85	YouLingNvHai	爸爸很抱歉……我做了对不起大家的事情	5	0	0
								30	SeKeSaSi	不！这一切都是我的错！	5	0	0
								30	SeKeSaSi	如果不是我，你就不会受到诅咒，也不会因为我和恶魔做出交易把你变成这个样子……	5	0	0
								30	SeKeSaSi	这个噩梦，今天终于结束了……我的女儿……你以后不会再受苦了……	5	0	0
								85	YouLingNvHai	谢谢$N让我们得到解脱，真的很感谢，祝愿你最终能够达成你的梦想。	5	0	0
96	黄昏边境剧情副本3对话3	-1	-1	-1	-1	0	0	48	Lilith	想不到最后结果居然是这样，可惜和恶魔做了交易的灵魂没办法解放……	5	0	0
								-1	MainPlayer	是我太弱小了……没能力拯救他们……	5	0	0
								48	Lilith	但是你救了那些孩子们，有时候就是这样，我们不能拯救所有人。	5	0	0
								-1	MainPlayer	……那瑟克萨斯先生怎么办？	5	0	0
								48	Lilith	我来看看吧，或许能找到办法呢~	5	0	0
97	黄昏边境剧情副本4对话1	-1	-1	-1	-1	0	1	-1	MainPlayer	这里的机械居然也……	2	0	0
98	黄昏边境剧情副本4对话2	-1	-1	-1	-1	0	0	-1	MainPlayer	这是……那帮家伙居然作出了这样的东西！	5	0	0
99	黄昏要塞剧情副本1对话1	-1	-1	-1	-1	0	1	-1	MainPlayer	这里居然有这么多僵尸！	2	0	0
100	黄昏要塞剧情副本1对话2	-1	-1	-1	-1	0	0	-1	MainPlayer	这里的遗迹里居然有这种东西，真危险……	5	0	0
								-1	MainPlayer	不过看起来这边的异变很不简单，我得加快脚步了。	5	0	0
101	黄昏要塞剧情副本2对话1	-1	-1	-1	-1	0	1	-1	MainPlayer	这就是最后进攻的时刻！	2	0	0
102	黄昏要塞剧情副本2对话2	-1	-1	-1	-1	0	0	-1	MainPlayer	那就是这群兽人的首领了！干掉他结束这场闹剧吧！	5	0	0
103	黄昏要塞剧情副本2对话3	-1	-1	-1	-1	0	0	-1	MainPlayer	呼……呼……这下终于结束了！	5	0	0
104	黄昏要塞剧情副本2对话4	-1	-1	-1	-1	0	0	-1	MainPlayer	哎！你不是……皮亚索拉先生吗！	5	0	0
105	黄昏要塞剧情副本3对话1	-1	-1	-1	-1	0	0	-1	MainPlayer	阿尔得巴兰大人！这里有巨魔来袭击了！快想想办法啊！	5	0	0
								65	AerDeBaLan	哎……这里好像……（阿尔得巴兰没有理会你）	5	0	0
								-1	MainPlayer	怎么这样……看来只有靠我来搏一下了！	5	0	0
106	黄昏要塞剧情副本3对话2	-1	-1	-1	-1	0	1	-1	MainPlayer	一定要保护好巴兰大人！	2	0	0
107	黄昏要塞剧情副本3对话3	-1	-1	-1	-1	0	0	65	AerDeBaLan	看起来解决了啊，你和我想的一样可靠。	5	0	0
								-1	MainPlayer	啊？阿尔得巴兰大人你不是……	5	0	0
108	【主】混沌之地	8.2	0	21.2	2	0	0	12	Lilith	临时对话，内容无视	5	0	0
109	【主】再探混沌	8.2	0	21.2	2	0	0	12	Lilith	临时对话，内容无视	5	0	0
110	【主】状况不明	25.15	2.42	47.11	2	0	0	-1	MainPlayer	也就是说现在这边的研究所里一定发生了什么异常的事情？	5	0	0
								157	ALiAoNaiEr	很有可能……哎……往黑伊尔老师和艾莉娜老师都平安无事……	5	0	0
								-1	MainPlayer	那我们快去研究所那边确认一下吧！	5	0	0
111	【主】事先准备	25.15	2.42	47.11	2	0	0	-1	MainPlayer	哇啦哇啦哇啦	5	0	0
112	【主】贵妇	51.53	2.69	19.4	2	0	0	-1	MainPlayer	我是来这里帮忙的，这里到底发生了什么？	5	0	0
								158	AiLiNa	不知死活……这边最近不知道为什么突然涌出了大批的僵尸，他们已经占领了整个研究所。	5	0	0
113	【主】学者下落	51.53	2.69	19.4	2	0	0	-1	MainPlayer	……虽然不想打扰你但是你知道黑伊尔学者在哪吗？	5	0	0
								158	AiLiNa	嗯？啊你说那个老头子啊，他大概还在地下研究所研究他那个什么机器人吧。	5	0	0
								-1	MainPlayer	也就是他还在里面？！天啊我得去救他！	5	0	0
114	【主】僵尸围城	51.53	2.69	19.4	2	0	0	-1	MainPlayer	哇啦哇啦哇啦	5	0	0
115	【主】大门紧闭	51.53	2.69	19.4	2	0	0	-1	MainPlayer	通往地下研究所的大门被关上了，我自己打不开……	5	0	0
								158	AiLiNa	啊哈哈哈~那可是我们的安全装置啊，外人当然打不开，你求我的话也不是不能帮你打开~	5	0	0
								-1	MainPlayer	（咬牙）人命关天，求求你了艾琳娜小姐！	5	0	0
116	【主】秘密研究	51.53	2.69	19.4	2	0	0	-1	MainPlayer	哇啦哇啦哇啦	5	0	0
117	挥之不去对话1	-1	-1	-1	-1	0	0	-1	MainPlayer	这里居然又出来了这么多蚊子……到底是从什么地方出来的！	5	0	0
118	挥之不去对话2	-1	-1	1	-1	0	0	-1	MainPlayer	等等……那是……虫卵？！	5	0	0
119	试水嘲讽1	-1	-1	1	-1	0	1	12	Lilith	哎？你居然打的这么慢啊~	2	0	0
120	试水嘲讽2	-1	-1	1	-1	0	1	12	Lilith	我就要睡着了啊~	2	0	0
121	试水嘲讽3	-1	-1	1	-1	0	0	12	Lilith	停停停！你打的这么吃力我都看不下去了！	5	0	0
122	再试鼓励1	-1	-1	1	-1	0	1	12	Lilith	快了好多呢~你真棒！	2	0	0
123	再试鼓励2	-1	-1	1	-1	0	1	12	Lilith	哎居然这么快！	2	0	0
124	再试鼓励3	-1	-1	1	-1	0	0	12	Lilith	怎么样，我教你的很管用吧~	5	0	0
125	真相大白对话1	-1	-1	1	-1	0	1	-1	MainPlayer	瑟克萨斯先生你听我解释！	2	0	0
						0	1	30	SeKeSaSi	杀人凶手！我要你偿命！	2	0	0
126	真相大白对话2	-1	-1	1	-1	0	1	30	SeKeSaSi	因为你！我的付出白费了！	2	0	0
127	真相大白对话3	-1	-1	1	-1	0	1	30	SeKeSaSi	呼啊……我绝对不能输！	2	0	0
128	异次元之门介绍1	-1	-1	1	-1	0	0	165	JieXiKa	这个地方连通着四个截然不同的地方，虽然我也不知道原理但是总之是个很方便的地方啦~	5	0	0
129	异次元之门介绍2	-1	-1	1	-1	0	0	165	JieXiKa	这里连接着我们过来的地方——暮色雨林，那是个很平静的地方呢~	5	0	0
130	异次元之门介绍3	-1	-1	1	-1	0	0	165	JieXiKa	通过这边的传送门可以去繁华的勒克斯港，相信今后你一定会经常到那里去的~	5	0	0
131	异次元之门介绍4	-1	-1	1	-1	0	0	165	JieXiKa	那边的传送门可以通往血色冰封，那地方不仅冷而且很危险，没有准备的话你最好也别去那边。	5	0	0
132	异次元之门介绍5	-1	-1	1	-1	0	0	165	JieXiKa	刚才莉莉丝大人就是通过这个传送门离开的，那里是呼啸沙漠，很热但是相较之下没有那么多危险。	5	0	0
133	异次元之门介绍6	-1	-1	1	-1	0	0	165	JieXiKa	好啦，要找莉莉丝大人的话就快去呼啸沙漠吧~晚了的话就追不上了啊~	5	0	0
134	【主】报告	-1	-1	1	-1	0	0	-1	MainPlayer	那里突然爆发了大量僵尸！现在研究所已经被僵尸占据了！	5	0	0
						0	0	36	HuoMuSi	发生了这样的事情啊，那边的研究员们还好么？	5	0	0
						0	0	-1	MainPlayer	不清楚……我只看到了黑伊尔先生和艾莉娜女士……	5	0	0
135	【主】提前出发	-1	-1	1	-1	0	0	-1	MainPlayer	霍姆斯先生不是要让我和马修斯一起过去吗……	5	0	0
						0	0	37	JieXiKa	对啊……但是我告诉他你可能还要一段时间才能回来……他就先过去了（委屈）。	5	0	0
						0	0	-1	MainPlayer	你……好吧，那我现在该怎么办？	5	0	0
136	【主】幕后有人	-1	-1	-1	-1	0	0	-1	MainPlayer	按照你的意思，这背后是有人在操控这些僵尸？	5	0	0
						0	0	33	HeiYiEr	虽然不敢确定，但是八九不离十！	5	0	0
						0	0	-1	MainPlayer	可是什么人会做出这种事？！又是为什么要做出这种事！	5	0	0
137	壮硕博士	-1	-1	-1	-1	0	0	-1	MainPlayer	呃……马修斯先生……这里发生了什么？	5	0	0
						0	0	166	MaXiuSi	叫我博士！现在的年轻人真是不懂得什么叫尊重知识！	5	0	0
						0	0	-1	MainPlayer	呃……好吧……马修斯……博士，这里发生了什么？	5	0	0
138	事情处理	-1	-1	-1	-1	0	0	-1	MainPlayer	马修斯博士，请冷静一下！我们下一步要怎么办？	5	0	0
						0	0	166	MaXiuSi	呼……你说得对，你快回去找霍姆斯请求支援，我继续追下去，一定不能放过干这种事情的人！	5	0	0
						0	0	-1	MainPlayer	不！还是让我去追查吧！	5	0	0
139	回报组织	-1	-1	-1	-1	0	0	-1	MainPlayer	呃……好像就是因为人手不足才会让我过来的……	5	0	0
140	少女潜力	-1	-1	-1	-1	0	0	-1	MainPlayer	呃……艾莉娜博士，其实我还有一件事情不明白，为什么偏偏是阿里奥奈尔被抓走……	5	0	0
								172	AiLiNa	（白了你一眼）我哪知道啊，没准是看中他的潜力，当然也可能就是想抓个人质吧。	5	0	0
								-1	MainPlayer	潜力？她潜力很大么？	5	0	0
141	攻击计划	-1	-1	-1	-1	0	0	-1	MainPlayer	计划？什么样的计划？	5	0	0
								56	YinMu	对方营地已经空虚了，只要找到首领一举击破的话对方自然就会崩溃。	5	0	0
								-1	MainPlayer	听起来很有道理，可我该怎么做？	5	0	0
142	质疑	-1	-1	-1	-1	0	0	-1	MainPlayer	是这样的……（告诉琳有关银木的计划）	5	0	0
								55	Lin	……他居然定下了这样的计划……这不是他的作风啊。	5	0	0
143	修尔克	-1	-1	-1	-1	0	0	-1	MainPlayer	所以修尔克这个人到底是谁？	5	0	0
								55	Lin	之前我在盗贼协会的伙伴，我们一起成立了反抗贤者之塔的反抗军……被镇压了之后他就不知道去哪了……	5	0	0
								-1	MainPlayer	难道这次的事情是为了复仇？	5	0	0
144	沉默不语	-1	-1	-1	-1	0	0	-1	MainPlayer	……皮亚索拉先生你为什么要做这种事？	5	0	0
								64	PiYaSuoLa	……（把头扭了过去不回答你）	5	0	0
								-1	MainPlayer	………………我还是去报告阿尔得巴兰大人吧……	5	0	0
145	遗忘废墟探查任务3镜头	-1	-1	-1	-1	0	0	-1	MainPlayer	那边好像就是备用的机器人了吧，但是……	5	0	0
								-1	MainPlayer	这个样子根本就是全部启动了啊，真是糟糕……还是回去和[60ff00]阿里奥奈尔[b4ffd1]说一下吧。	5	0	0
146	雷纳堡对话1	-1	-1	-1	-1	0	0	-1	MainPlayer	这就是地下研究所么……看起来好先进的样子……不对！黑伊尔先生在哪里？	5	0	0
147	雷纳堡对话2	-1	-1	-1	-1	0	0	-1	MainPlayer	好像是黑伊尔先生！你还好么！	5	0	0
								35	HeiYiEr	……入侵者……清除……	5	0	0
148	雷纳堡对话3	-1	-1	-1	-1	0	0	35	HeiYiEr	我想起来了！是那个机器控制了我！快去破坏它！	5	0	0
149	雷纳堡对话4	-1	-1	-1	-1	0	0	146	JiXieZhiLing	人类……多余……歼灭……开始……	5	0	0
150	雷纳堡对话5	-1	-1	-1	-1	0	0	1089	AiLiNa	真是碍眼，那些机械也真是不可靠，果然还得让我亲自出手。	5	0	0
151	亡灵之塔探查任务对话	-1	-1	-1	-1	0	0	-1	MainPlayer	居然……有这么多恶魔兵！这一定是魔王捣的鬼！	4	0	0
152	主城介绍1	-1	-1	-1	-1	0	0	37	JieXiKa	首先是这里！这边是基因研究所，主要进行魔法和机械方面的研究，顺便一提我们的研究水平很高哦~	5	0	0
153	主城介绍2	-1	-1	-1	-1	0	0	37	JieXiKa	通过这里可以到异次元之门去~那里我已经和你说过了就不再说了哦~	5	0	0
154	主城介绍3	-1	-1	-1	-1	0	0	37	JieXiKa	通过这里可以抵达黄昏湖畔，那边满满都是些野蛮的兽人，没有事情我可不想过去呢~	5	0	0
155	主城介绍4	-1	-1	-1	-1	0	0	37	JieXiKa	这边有佣兵协会和赏金猎人联盟，他们个个都是高手中的高手呢~啊对了，菲尔沦大人也是很棒呢~	5	0	0
156	主城介绍5	-1	-1	-1	-1	0	0	37	JieXiKa	其他还有些琐碎的别的地方，之后你一定会有机会去的~这次就先介绍这些吧~	5	0	0
157	血色冰封剧情副本1	-1	-1	1	-1	0	1	-1	MainPlayer	还差一点就到入口了！	2	0	0
158	血色冰封剧情副本1	-1	-1	1	-1	0	0	-1	MainPlayer	那是……	5	0	0
159	血色冰封剧情副本1	-1	-1	1	-1	0	0	-1	MainPlayer	那东西一动不动的守在那里，一定是有人操控着这些僵尸！	5	0	0
								-1	MainPlayer	总之现在只能打倒它了！	5	0	0
160	血色冰封剧情副本1	-1	-1	1	-1	0	0	-1	MainPlayer	这里好像是被魔法屏障挡住了，看来没办法通过这里……	5	0	0
								-1	MainPlayer	还是回去找艾莉娜博士吧，希望她有办法……	5	0	0
161	血色冰封剧情副本2	-1	-1	1	-1	0	1	178	head-monster01	加油！僵尸不是你的对手！	2	0	0
162	血色冰封剧情副本2	-1	-1	1	-1	0	1	178	head-monster01	好像只剩这些了！加把劲！	2	0	0
163	血色冰封剧情副本3	-1	-1	1	-1	0	0	-1	MainPlayer	艾莉娜博士……怎么是你？难道你救出来阿里奥奈尔了？	5	0	0
								181	MaXiuSi	笨蛋！别过去！	5	0	0
								179	AiLiNa	救出来？唔哈哈哈！所以说庶民就是天真啊！看不就知道了么，这一切都是我做的！	5	0	0
								181	MaXiuSi	唔啊啊啊啊！可恶！要不是我腰扭到了！我一定要亲手抓住你！	5	0	0
								179	AiLiNa	……算了，和你说也不懂，庶民就该陪着这些低贱的傀儡一起死亡！	5	0	0
164	血色冰封剧情副本3	-1	-1	1	-1	0	0	179	AiLiNa	你还真的和传说中一样不是那么好对付的呢，看来得用个大玩具来对付你呢！	5	0	0
165	血色冰封剧情副本3	-1	-1	1	-1	0	0	-1	MainPlayer	魔王！你居然能召唤魔王！	5	0	0
								181	MaXiuSi	可恶！[ffffff]$N[b4ffd1]不要害怕！你现在变强了！一定可以对付他的！	5	0	0
								179	AiLiNa	只不过是个幻影罢了，这点程度对付你足够了，永别了[ffffff]$N[b4ffd1]！	5	0	0
166	血色冰封剧情副本3	-1	-1	1	-1	0	0	-1	MainPlayer	糟糕，看来追不上了……	5	0	0
								181	MaXiuSi	可恶啊啊啊啊啊！我绝对不会放过她！	5	0	0
								-1	MainPlayer	我也不会！但是这里危险，马修斯先生我们还是先回去吧。	5	0	0
167	黄昏湖畔剧情副本1	-1	-1	1	-1	0	1	64	PiYaSuoLa	快拦住这些家伙！	2	0	0
168	黄昏湖畔剧情副本1	-1	-1	1	-1	0	1	64	PiYaSuoLa	你怎么搞的！我都受伤了！	2	0	0
169	黄昏湖畔剧情副本1	-1	-1	1	-1	0	1	64	PiYaSuoLa	居然还有！完了完了！	2	0	0
170	黄昏湖畔剧情副本1	-1	-1	1	-1	0	0	64	PiYaSuoLa	哎？已经没有了啊，真是的！一群只会吓人的家伙！（掸了掸身上的灰尘）我就知道我一定没问题！	5	0	0
								-1	MainPlayer	……（为什么基因研究所盛产这种人？）	5	0	0
								64	PiYaSuoLa	（轻蔑的看了你一眼）	5	0	0
171	黄昏湖畔剧情副本2	-1	-1	1	-1	0	0	192	TuZhuJiSi	入侵者！快拿下他！	5	0	0
								-1	MainPlayer	糟糕！被发现了！	5	0	0
172	黄昏湖畔剧情副本2	-1	-1	1	-1	0	0	-1	MainPlayer	这下怎么办……	5	0	0
								191	Lin	别动！	5	0	0
173	黄昏湖畔剧情副本2	-1	-1	1	-1	0	0	-1	MainPlayer	你……是谁？	5	0	0
								191	Lin	先解决了剩下的敌人再说！	5	0	0
174	黄昏湖畔剧情副本2	-1	-1	1	-1	0	0	-1	MainPlayer	感谢你救了我，还不知道你是……	5	0	0
								191	Lin	……叫我琳就好。	5	0	0
								-1	MainPlayer	琳是嘛，我记下了，我还需要把这个事情报告一下，之后再正式的道谢吧！	5	0	0
175	黄昏湖畔剧情副本3	-1	-1	1	-1	0	0	-1	MainPlayer	这里到底会有什么呢？（用手摸了一下遗迹）	5	0	0
176	黄昏湖畔剧情副本4	-1	-1	1	-1	0	0	-1	MainPlayer	这里居然会有机器人……真是意想不到	5	0	0
								-1	MainPlayer	说起来这里居然会有这么危险的地方，还是不要随便靠近了吧……	5	0	0
177	黄昏之湖剧情副本1	-1	-1	1	-1	0	0	48	Lilith	真是不妙，这种时候居然有兽人斥候呢，我现在毫无反抗之力就靠你了啊~	5	0	0
178	黄昏之湖剧情副本1	-1	-1	1	-1	0	0	48	Lilith	看样子斥候已经没有了呢，正好我的魔力也有一点恢复了呢~	5	0	0
179	黄昏之湖剧情副本2	-1	-1	1	-1	0	0	56	YinMu	干得漂亮，这样子就可以大摇大摆的走进大营了！	5	0	0
180	黄昏之湖剧情副本3	-1	-1	1	-1	0	0	-1	MainPlayer	看来那就是这里的首领了，接下来就是发信号等银木先生他们了。	5	0	0
								199	YaoSaiLingZhu	果然和那个人类说的一样有入侵者会来！不过别做梦了！不会有人来救你的！拿下他！	5	0	0
								-1	MainPlayer	糟糕，这该怎么办！	5	0	0
181	黄昏之湖剧情副本4	-1	-1	1	-1	0	0	202	Lin	休想！	5	0	0
182	黄昏之湖剧情副本5	-1	-1	1	-1	0	0	-1	MainPlayer	你们……果然来了啊！	5	0	0
								201	Pellant	先集中起来把这些家伙解决掉再说！	5	0	0
183	黄昏之湖剧情副本3	-1	-1	1	-1	0	0	204	Yinmu	真是可惜居然没有干掉你，不过你们三个居然能突破那些兽人大军，真是让我感到意外。	5	0	0
								202	Lin	银木……你为什么？	5	0	0
								204	Yinmu	哈哈哈哈！琳，你和三年前真是一点变化都没有！	5	0	0
								202	Lin	三年前……你难道是修尔克！	5	0	0
								204	Yinmu	还不算笨，这次我就先放过你们，下一次可就没这么简单了！	5	0	0
184	事情进展	-1	-1	1	-1	0	0	36	HuoMuSi	贤者之塔已经跑出了贤者贝拉·德里克斯大人去追踪艾莉娜了。	5	0	0
								36	HuoMuSi	之前有报告说她出现在呼啸沙漠，贝拉大人已经去那里调查了。	5	0	0
185	已经离去	-1	-1	1	-1	0	0	-1	MainPlayer	没错，她现在在什么地方？	5	0	0
186	咨询详情	-1	-1	1	-1	0	0	-1	MainPlayer	是嘛？那她现在在哪里？	5	0	0
								206	MeiLiYa	这个我不知道……我只知道她去找我们的长老——海因达姐姐了。	5	0	0
								-1	MainPlayer	那我也去找你们的长老好了，她现在在哪？	5	0	0
187	不慎中毒	-1	-1	1	-1	0	0	-1	MainPlayer	中了招？发生了什么？	5	0	0
								208	Phil	这里满地都是毒蝎子，我一个不慎被一只毒蝎蛰到了，中了剧毒……	5	0	0
								-1	MainPlayer	天啊！那可怎么办！	5	0	0
188	巨大魔力	-1	-1	1	-1	0	0	-1	MainPlayer	奇怪的事？	5	0	0
								208	Phil	几天前这里爆发了一股很强大的魔力，我担心和“方舟”被毁有关系，就来这里调查。	5	0	0
								-1	MainPlayer	强大的魔力？我正好要去找这里的长老，我替你问一下吧。	5	0	0
189	村落现状	-1	-1	1	-1	0	0	210	HaiYinDa	之前贤者之塔派了一个叫里奇莱的研究员来调查附近的雷纳堡，他带走了这里全部的男性。	5	0	0
								210	HaiYinDa	现在这里只剩下女性和外来的冒险者，之前和里奇莱去的人全都还没回来。	5	0	0
								-1	MainPlayer	居然会这样……那这里爆发了巨大魔力的事情你知道吗？	5	0	0
190	意外之灾	-1	-1	1	-1	0	0	-1	MainPlayer	发生了什么吗？	5	0	0
								211	Pellant	啊，是这样的，我们是来寻找银木先生的，但是弗里德先生不小心触怒了这里的守护神而遭到了诅咒……	5	0	0
								-1	MainPlayer	……他还真能惹祸啊……	5	0	0
191	触景生情	-1	-1	1	-1	0	0	-1	MainPlayer	可以倒是可以……这里是？	5	0	0
								213	Lin	我的家……曾经是。	5	0	0
								213	Lin	很惊讶吧，身为女飞贼的我曾经也是有一个圆满的家庭的，只不过……总之后来我才加入了盗贼协会，也认识了修尔克他们……	5	0	0
192	魔物追杀	-1	-1	1	-1	0	0	-1	MainPlayer	里奇莱？带着这里的男人们去调查雷纳堡的那个？	5	0	0
								215	LiQiLai	你知道啊！那就好办了！我们调查雷纳堡的时候突然蹦出来了一堆恶魔，我跑的快才捡了一条命！	5	0	0
								-1	MainPlayer	那那些人们呢？	5	0	0
193	疑惑	-1	-1	1	-1	0	0	-1	MainPlayer	有一件事必须要问你……刚才那批魔物说“你根本不知道你要救的是什么人！”是什么意思？	5	0	0
								215	LiQiLai	……其实我来这里除了调查雷纳堡之外一个目的就是调查这里的变异的魔物。	5	0	0
								-1	MainPlayer	这样啊，我还以为基因研究所没有正常人呢！	5	0	0
194	边缘现状	-1	-1	1	-1	0	0	-1	MainPlayer	异变？发生了什么？从什么时候开始的？！	5	0	0
								217	LiQiLai	生物发生了变异，有的甚至和机械融合了起来。	5	0	0
								-1	MainPlayer	和机械融合了？！这怎么可能？！	5	0	0
195	暗中观察	-1	-1	1	-1	0	0	-1	MainPlayer	里奇莱先生？他怎么了？就基因研究所的人来讲感觉是个挺正常的人啊。	5	0	0
								219	Phil	有的时候外表是会骗人的。我反而觉得他相当可疑。	5	0	0
								-1	MainPlayer	（和菲尔沦说了里奇莱的目的）	5	0	0
196	发现甚少	-1	-1	1	-1	0	0	-1	MainPlayer	……抱歉我没发现什么……	5	0	0
								217	LiQiLai	……你去了这么久告诉我什么都没发现么？！	5	0	0
197	不加责备	-1	-1	1	-1	0	0	-1	MainPlayer	很抱歉我居然之前没有发现……	5	0	0
								219	Phil	好了别自责了，他利用了你的信任，这是没办法的事情，还是看看现在能做什么吧。	5	0	0
198	有人操纵	-1	-1	1	-1	0	0	-1	MainPlayer	什么结论？	5	0	0
								220	Pellant	这个部件不仅仅能确定是控制用的，还能确定是基因研究所开发的。	5	0	0
								-1	MainPlayer	又是基因研究所搞的鬼吗，那这些机械融合生物也是……	5	0	0
199	机关林立	-1	-1	1	-1	0	0	-1	MainPlayer	为什么？	5	0	0
								221	Lin	我曾经试过，但是那里机械机关特别多，即使是我也差点中了机关，一般人还是放弃的好。	5	0	0
200	神圣禁地	-1	-1	1	-1	0	0	-1	MainPlayer	（告诉了海因达里奇莱的事情）	5	0	0
								222	HaiYinDa	这个里奇莱居然做下了这么伤天害理的事情！我绝对不会放过他！	5	0	0
								-1	MainPlayer	那你知道进入雷纳堡的方法么？	5	0	0
201	记忆丧失	-1	-1	1	-1	0	0	-1	MainPlayer	好像没有吧？你叫什么？	5	0	0
								223	QiaoAnNa	我不知道……我现在什么也想不起来……	5	0	0
								-1	MainPlayer	……那看来你也不知道怎么能进入雷纳堡了……	5	0	0
202	关闭入口	-1	-1	1	-1	0	0	-1	MainPlayer	嗯这个我同意。	5	0	0
203	良心发现	-1	-1	1	-1	0	0	-1	MainPlayer	……你说的话一点信服力都没有啊……	5	0	0
								316	LiQiLai	（低声）村子里的人们都在那片树林里，都好好的，雷纳堡的防御程式也是我开的，我也知道机械会被控制。	5	0	0
								-1	MainPlayer	什么？那你……	5	0	0
204	邪恶实验	-1	-1	1	-1	0	0	-1	MainPlayer	什么？那这次！？	5	0	0
								317	HaiYinDa	上次的实验被当时的一批冒险者终止了，这次很可能是想继续那次实验。	5	0	0
205	误打误撞	-1	-1	1	-1	0	0	-1	MainPlayer	你怎么进来了？佩特伦他们呢？	5	0	0
								321	Fread	他们没进来……我在路上看到了一个水管，因为好奇钻了进来，就误打误撞的来到了这里，也看到了里奇莱的事情！	5	0	0
								-1	MainPlayer	我该从哪里开始吐槽……	5	0	0
206	追捕受阻	-1	-1	1	-1	0	0	-1	MainPlayer	贝拉大人您遇到什么困难了吗？	5	0	0
								322	BeiLeiDe	我本来是追捕艾莉娜的，她逃到这里之后里奇莱就做出了这种事，我不得不改道抓捕他。	5	0	0
								322	BeiLeiDe	但是并不顺利，我本人没法参与作战，所以都是召唤的卫士替我作战，就在快要抓到他的时候却被人消灭了。	5	0	0
207	机械被控	-1	-1	1	-1	0	0	-1	MainPlayer	是你罪有应得！你做的事情我都知道了！	5	0	0
								323	LiQiLai	别这么说，我不是坏人，你以后会知道的。	5	0	0
208	疑惑	-1	-1	1	-1	0	0	-1	MainPlayer	他说他……不是坏人。	5	0	0
								322	BeiLeiDe	这样啊……（沉思）	5	0	0
209	进入理由	-1	-1	1	-1	0	0	-1	MainPlayer	什么情况！你不是不想进来么？	5	0	0
								325	QiaoAnNa	我在外边感觉到这里的防御程式被触发了，就进来看看什么情况。	5	0	0
								-1	MainPlayer	……你到底是什么人？	5	0	0
210	交付任务	-1	-1	1	-1	0	0	-1	MainPlayer	贝拉大人，您尽管说吧。	5	0	0
								315	BeiLeiDe	首先是乔安娜，我很担心她的状况，你去照顾她一下吧。	5	0	0
								315	BeiLeiDe	然后是艾莉娜的事情，她已经往亡灵冰塔方向跑了，希望你能替我去继续追查这个事情。	5	0	0
211	记忆	-1	-1	1	-1	0	0	-1	MainPlayer	都想起来了什么？	5	0	0
								327	QiaoAnNa	我想起来之前在方舟那里救下了你……但是我被魔王掳走了……	5	0	0
								-1	MainPlayer	什么！？怪不得只能看得到莉莉丝大人……	5	0	0
212	亡灵冰塔	-1	-1	1	-1	0	0	-1	MainPlayer	亡灵冰塔是个什么样的地方？	5	0	0
213	继续追寻	-1	-1	1	-1	0	0	-1	MainPlayer	佩特伦说什么了？	5	0	0
								328	Fread	他说我们在这里没找到银木先生，我们准备继续前往机械之都寻找。	5	0	0
								-1	MainPlayer	我这里是要去亡灵冰塔……只能暂时分开了啊……祝你们能找到银木先生！	5	0	0
214	时过境迁	-1	-1	1	-1	0	0	-1	MainPlayer	这里之前是什么样子？	5	0	0
								1097	QiaoAnNa	破败、荒芜。	5	0	0
								-1	MainPlayer	那不是血色冰封的样子吗……	5	0	0
215	冰塔现状	-1	-1	1	-1	0	0	1098	AiKe	这里本来是亡灵和一部分恶魔的居所，但是之前的一批冒险者在这里扫清了大部分的怪物。	5	0	0
								1098	AiKe	后来贤者之塔就派人来这里驻守并发展，就变成了现在的样子。	5	0	0
								-1	MainPlayer	这里最近发生过什么吗？	5	0	0
216	近期突变	-1	-1	1	-1	0	0	-1	MainPlayer	好价钱……我怎么感觉背后这么冷呢……	5	0	0
								1100	BeiLeiGeLi	“方舟”刚刚被毁的时候，这里还没有发生什么。但是最近僵尸和侵染种却变得活跃起来。	5	0	0
								-1	MainPlayer	（告诉贝蕾格莉关于艾莉娜的事情）	5	0	0
217	魔力矿石	-1	-1	1	-1	0	0	-1	MainPlayer	这里的矿物有什么异常么？	5	0	0
								1102	MaXiuSi	我们通常不管这种收到了魔力侵染的情况叫做异常！更何况有一部分还是艾莉娜的！	5	0	0
								-1	MainPlayer	也就是说艾莉娜来过这里？！马修斯博士你知道是什么时候么？	5	0	0
218	少女回忆	-1	-1	1	-1	0	0	-1	MainPlayer	这段时间发生了什么？	5	0	0
								1104	ALiAoNaiEr	呜呜……我感觉自己好像做了一个很长的梦……梦里和老师跑过了很多地方，看到了几个之前的老师，也遇到了一个恶魔……	5	0	0
								1104	ALiAoNaiEr	艾莉娜老师最后反悔了，带着我逃跑了，皮亚索拉老师和里奇莱老师帮她掩护，皮亚索拉老师还战死了……	5	0	0
219	来龙去脉	-1	-1	1	-1	0	0	-1	MainPlayer	之前啊……（说了艾莉娜和阿里奥奈尔的事）	5	0	0
								1105	YouAn	原来是这样，那我可以帮你们去追杀艾琳娜。	5	0	0
								-1	MainPlayer	十分感谢，但是你是……	5	0	0
220	告诫	-1	-1	1	-1	0	0	-1	MainPlayer	嗯？要说什么？	5	0	0
								1105	YouAn	冲动对一个人来说，有百害而无一利，希望她能够冷静下来。	5	0	0
								-1	MainPlayer	嗯……我一定转达。	5	0	0
221	秘密任务	-1	-1	1	-1	0	0	-1	MainPlayer	任务？什么秘密任务？	5	0	0
222	呼啸沙漠剧情副本1	-1	-1	-1	-1	0	0	-1	MainPlayer	刚才那个看起来就是这些沙漠狼的首领了，这样一来也能缓解一下这里的狼灾吧。	5	0	0
								-1	MainPlayer	可是好奇怪……为什么感觉这么像魔物呢……	5	0	0
223	呼啸沙漠剧情副本2小对话	-1	-1	-1	-1	0	1	-1	MainPlayer	这些蝎子居然埋伏我！	2	0	0
						0	1	-1	MainPlayer	我要斩草除根！	2	0	0
224	呼啸沙漠副本3开场1	-1	-1	-1	-1	0	0	1117	HaiYinDa	你来了啊，那我这就试试召唤守护神大人。	5	0	0
225	呼啸沙漠副本3开场2	-1	-1	-1	-1	0	0	1116	HuoYanYing	人类啊，有何事召唤我？	5	0	0
								1117	HaiYinDa	伟大的守护神啊，我们有个伙伴无意间冒犯了您，希望您能高抬贵手放他一条生路吧。	5	0	0
								1116	HuoYanYing	他是自作自受！你们要包庇他的话我我也不会手下留情！	5	0	0
226	呼啸沙漠副本3结束	-1	-1	-1	-1	0	0	1116	HuoYanYing	不愧是敢于挑战魔王的人啊，看起来我没看错人啊。	5	0	0
								-1	MainPlayer	哎？什么情况？	5	0	0
								1116	HuoYanYing	这一切不过是一场试炼而已，我之后也可以作为你的助力，协助你击败魔王。	5	0	0
								-1	MainPlayer	那诅咒……	5	0	0
								1116	HuoYanYing	我已经解除了你们朋友的诅咒，你大可放心。	5	0	0
227	呼啸沙漠副本4结束	-1	-1	-1	-1	0	0	1120	FeiXuZhiZhu	愚蠢的人啊！你都不知道里奇莱他是什么人！真是可悲！	5	0	0
								-1	MainPlayer	里奇莱，什么人？等等你把话说清楚！	5	0	0
								1120	FeiXuZhiZhu	哈哈哈哈！你以后一定会后悔的！	5	0	0
228	雷纳堡边缘副本1	-1	-1	-1	-1	0	0	1136	LiQiLai	这旁边就是入口了，你在这里守着，我去开启入口啊。	5	0	0
229	雷纳堡边缘副本1	-1	-1	-1	-1	0	0	1136	LiQiLai	好了！我已经成功打开入口了！	5	0	0
								-1	MainPlayer	那我们快点进去吧！	5	0	0
								1136	LiQiLai	我可没说要带你进去！你就在这里和猩猩玩吧，啊哈哈哈哈！	5	0	0
230	雷纳堡边缘副本1	-1	-1	-1	-1	0	0	-1	MainPlayer	怎么会这样！	5	0	0
231	雷纳堡边缘副本2	-1	-1	-1	-1	0	0	1137	QiaoAnNa	我会用一点时间，如果有人来阻挠的话就拜托你了。	5	0	0
								-1	MainPlayer	这一幕怎么这么有既视感……	5	0	0
								1137	QiaoAnNa	？	5	0	0
								-1	MainPlayer	不要在意不要在意！	5	0	0
232	雷纳堡边缘2结束	-1	-1	-1	-1	0	0	-1	MainPlayer	还没好么？	5	0	0
								1137	QiaoAnNa	就快了，稍等一下。	5	0	0
233	雷纳堡边缘副本2结束2	-1	-1	-1	-1	0	0	1137	QiaoAnNa	啊，好了，我打开了。	5	0	0
								-1	MainPlayer	太好了！这下子终于可以进入雷纳堡了！	5	0	0
								1137	QiaoAnNa	嗯，先回去准备一下吧。	5	0	0
234	雷纳堡副本1开场	-1	-1	-1	-1	0	0	-1	MainPlayer	里奇莱！不要跑！	5	0	0
								1136	LiQiLai	居然还真的就这么追过来了啊，该说你天真呢还是无脑呢？	5	0	0
								-1	MainPlayer	什么？难道……	5	0	0
								1136	LiQiLai	你就在这里悔恨终生吧！	5	0	0
235	雷纳堡副本1结尾	-1	-1	-1	-1	0	0	-1	MainPlayer	看来已经追不上了啊……可恶！这次完全中了他的圈套了啊！	5	0	0
236	雷纳堡副本2开场	-1	-1	-1	-1	0	0	1138	ShouHuZheR10	出现外来者……扫描完毕……判定为入侵者，开始毁灭模式。	5	0	0
								-1	MainPlayer	那是……那个就是守卫程式的机器人吗？看来只能先解决它了！	5	0	0
237	雷纳堡副本2结尾1	-1	-1	-1	-1	0	0	1138	ShouHuZheR10	入侵者威胁等级上升，开始彻底毁灭模式！	5	0	0
								-1	MainPlayer	糟糕……没办法击败它……	5	0	0
								1137	QiaoAnNa	住手！	5	0	0
238	雷纳堡副本2结尾2	-1	-1	-1	-1	0	0	1138	ShouHuZheR10	新入侵者发现，开始扫描。扫描结束，人类特征和乔安娜符合度100%，系统解除攻击。	5	0	0
								1137	QiaoAnNa	乔安娜……乔安娜是谁……	5	0	0
								1138	ShouHuZheR10	乔安娜，七贤者之一，雷纳堡的守护者，伟大的，同伴，不能攻击。	5	0	0
								1137	QiaoAnNa	我是……乔安娜？	5	0	0
								-1	MainPlayer	总之还是先回去吧……	5	0	0
239	雷纳堡边缘副本3开场	-1	-1	-1	-1	0	0	-1	MainPlayer	那是……狮鹫？这种生物居然真的存在？！	5	0	0
								-1	MainPlayer	等等！好像并不像传说中的友好！	5	0	0
240	雷纳堡边缘副本3第二阶段开始	-1	-1	-1	-1	0	0	-1	MainPlayer	难道这里是这种狮鹫的领地吗？	5	0	0
								1129	ChiYiShiJiu	嗷！！！！	5	0	0
								-1	MainPlayer	等等！那是什么！？	5	0	0
241	雷纳堡边缘副本3结束	-1	-1	-1	-1	0	0	-1	MainPlayer	刚才那个……看起来很像狮鹫，但是好像更像恶魔？发生了什么？	5	0	0
								935	YiLongShou	吼！！！	5	0	0
								-1	MainPlayer	什么？！难道是……龙吼？这里难道有龙？！我还是快点回去吧……	5	0	0
242	血色冰封副本1结束	-1	-1	-1	-1	0	0	-1	MainPlayer	奇怪……这些僵尸虽然有组织，但是又不像是来攻击城镇的……	5	0	0
								-1	MainPlayer	算了以后有机会的话再来调查这个事情吧。	5	0	0
243	血色冰封副本2开场1	-1	-1	-1	-1	0	0	-1	MainPlayer	艾莉娜！我终于追……哎这是个什么情况？	5	0	0
								1139	AiLiNa	放弃吧！我不会让你们带走这个孩子的！	5	0	0
								1140	Elena	真是可惜啊，我本来还想陪你们多玩一会的，但是出现了更好玩的玩具呢，还是先解决你吧！	5	0	0
244	血色冰封副本2开场2	-1	-1	-1	-1	0	0	1141	ALiAoNaiEr	艾莉娜老师！！！	5	0	0
								1140	Elena	别着急啊小姑娘，等我玩够了那个人，就该轮到你了~	5	0	0
								-1	MainPlayer	休想！	5	0	0
245	血色冰封副本2第二阶段	-1	-1	-1	-1	0	0	1140	Elena	不愧是敢挑战马斯特马大人的人类，这点三头犬完全不够看呢~那这样好了~	5	0	0
246	血色冰封副本2结束	-1	-1	-1	-1	0	0	1140	Elena	果然和姐姐说的一样不是很好对付呢~那这次看在姐姐的份上就饶了你一命吧~还不快快回去？	5	0	0
								1141	ALiAoNaiEr	不！我要为老师报仇！	5	0	0
								-1	MainPlayer	你冷静下！还是先撤退吧！（拉着阿里奥奈尔离开）	5	0	0
247	血色冰封副本3第二阶段	-1	-1	-1	-1	0	0	1135	Elena	你杀掉我那么多可爱的仆从就是为了和我见面嘛~不过可惜啊，这次就得亲自处决你了呢~	5	0	0
248	血色冰封副本3结束	-1	-1	-1	-1	0	0	1135	Elena	真令我惊讶，你居然有这种实力，但是想击败我还不可能哦~	5	0	0
								1135	Elena	但是很可惜，我今天还有别的事情要忙~就先放你一条生路吧，我会在魔界地狱等着你哦~	5	0	0
249	日常任务对话	-1	-1	-1	-1	0	0	32	ALiAoNaiEr	不过作为补偿，我也告诉你一点好事吧~你每天能做的事情超级多哦~	5	0	0
250	任务311	-1	-1	-1	-1	0	0	-1	MainPlayer	不知道和“方舟”会不会有什么关系……	5	0	0
								1155	MeiLiYa	咦？！“方舟”发生了什么吗！	5	0	0
								-1	MainPlayer	莉莉丝大人没告诉你们方舟被摧毁的事情吗！	5	0	0
251	兽人祭司对话	-1	-1	-1	-1	0	0	-1	MainPlayer	咦？那个半兽人看起来好像不太一样……？	5	0	0
								-1	MainPlayer	它手里拿的是……法杖，难道它就是半兽人祭司？	5	0	0
252	探查异常对话1	-1	-1	-1	-1	0	0	-1	MainPlayer	这些蜥蜴……看起来真的是和机械融合改造的了……	5	0	0
								-1	MainPlayer	不知道里奇莱先生会不会有什么办法……	5	0	0
253	探查异常对话2	-1	-1	-1	-1	0	0	-1	MainPlayer	哎？那不是菲尔沦吗？她怎么会在这？	5	0	0
								208	Phil	嘘——别说话，快过来！	5	0	0
								-1	MainPlayer	先去找菲尔沦问一下吧。	5	0	0
254	巨猿军队对话	-1	-1	-1	-1	0	0	-1	MainPlayer	那是……	5	0	0
								-1	MainPlayer	这些巨猿简直就是军队的配置了啊……看来没法轻易通过啊……	5	0	0
255	机械反叛	-1	-1	-1	-1	0	0	-1	MainPlayer	这些机械……好像在这里是为了堵住什么人一样……发生了什么？	5	0	0
								-1	MainPlayer	但是又不像是里奇莱在操控……到底发生了什么？难道……	5	0	0
256	剧情副本1	-1	-1	-1	-1	0	0	1149	SeKeSaSi	不要急！我来教给你怎么样合理运用你的能力来消灭这些家伙！	5	0	0
257	新手关新增对话	-1	-1	-1	-1	0	0	-1	MainPlayer	情况紧急，必须阻止魔王破坏方舟！	5	0	0
258	新手关新增对话：boss战前威胁	-1	-1	-1	-1	0	0	1080	PingPangWuYaoWang	蝼蚁之徒！你这是在自寻死路！	5	0	0
259	原装备升星任务	-1	-1	-1	-1	0	0	-1	MainPlayer	预感？什么预感？	5	0	0
								37	JieXiKa	我总觉得你这次去遗忘废墟会遇到之前很久不曾见到的人……	5	0	0
								-1	MainPlayer	很久没见到的人……是谁啊？	5	0	0
260	暮色雨林新增	-1	-1	-1	-1	0	0	-1	MainPlayer	不不不敢！听说你也是被卷进来受伤的？我怎么没看到你？	5	0	0
								1153	Fread	哎，这话说来可就长了！我是和伙伴们一起出发要去黄昏湖畔旅行的，然后我迷路了，不知不觉就跑到了沙漠里……	5	0	0
								-1	MainPlayer	……黄昏湖畔，那好像是在另一个方向吧…………	5	0	0
261	任务123	-1	-1	-1	-1	0	0	-1	MainPlayer	嗯我很能理解……现在能跟我说一下你这边知道的事情吗？	5	0	0
								14	SeKeSaSi	……很惭愧，我虽然奉命守护这个地方，但是我只知道发生过这个事情……	5	0	0
								-1	MainPlayer	是这样么……那好吧……	5	0	0
262	任务217	-1	-1	-1	-1	0	0	-1	MainPlayer	一直以来保存的……为什么会刚找到啊……	5	0	0
								210	HaiYinDa	因为之前被一个人藏到了地窖的深处，想找到还真是费了一番功夫。不过这样一来就能很快解除诅咒了。	5	0	0
								-1	MainPlayer	好吧，那么事不宜迟，赶快吧！	5	0	0
263	8-1对话1	-1	-1	-1	-1	0	0	1147	AerDeBaLan	这里看起来就是第一站了，不过我还是要提醒你一下。	5	0	0
								1147	AerDeBaLan	你在这里看到的所有东西都是发生过的，无论发生什么，你都无法改变，只能去接受。你明白了吗？	5	0	0
								-1	MainPlayer	明白了，那我们赶快开始吧！	5	0	0
264	8-1对话2	-1	-1	-1	-1	0	0	164	SeKeSaSi	……你说你有办法救我的女儿？	5	0	0
								1139	AiLiNa	是的，不过需要你和恶魔定下契约……	5	0	0
								164	SeKeSaSi	什么！我作为贤者之塔的修士，怎么可以做出这种邪恶的事情！	5	0	0
								1139	AiLiNa	你已经失去了你的妻子，现在是你的女儿，你想想要怎么做吧。	5	0	0
265	8-1对话3	-1	-1	-1	-1	0	0	-1	MainPlayer	阿尔得巴兰大人，怎么停下了？	5	0	0
								1147	AerDeBaLan	我刚刚感受到一股恶魔的力量入侵，似乎有什么人不想让我们知道这些事，做好准备，就要开战了。	5	0	0
266	8-1对话4	-1	-1	-1	-1	0	0	1147	AerDeBaLan	看起来已经结束了，那我们继续吧	5	0	0
267	8-1对话5	-1	-1	-1	-1	0	0	164	SeKeSaSi	…………只要这么做真的能拯救我的女儿吗……	5	0	0
								1139	AiLiNa	可以的！那位大人是不会骗人的！	5	0	0
								164	SeKeSaSi	（咬牙）那就拜托你了，我不能再失去我的女儿了！请一定救救她！	5	0	0
268	8-2对话1	-1	-1	-1	-1	0	0	38	PiYaSuoLa	……所以你的意思是让我做这种伤天害理的事，就是为了掩护你逃跑？	5	0	0
								1139	AiLiNa	你知道我的研究，我一定要证明这一点！	5	0	0
								38	PiYaSuoLa	我虽然知道……但是你知道做这种事情一不小心就会导致很多无辜的死伤吧！只是为了你的研究，做这些值吗！	5	0	0
								1139	AiLiNa	我已经踏出这一步了！不可能就此停下！你知道的！	5	0	0
269	8-2对话2	-1	-1	-1	-1	0	0	1147	AerDeBaLan	又有人来捣乱了，准备好了吗？	5	0	0
270	8-2对话3	-1	-1	-1	-1	0	0	38	PiYaSuoLa	算啦算啦，看在这么多年的交情上，我就帮你一把吧。	5	0	0
								1139	AiLiNa	那这里就麻烦你了！我还要赶到下一个地方去！	5	0	0
								38	PiYaSuoLa	你去吧，反正演反派这种事我太在行了！这里的伤亡我会尽力控制在最小程度的！	5	0	0
271	8-2对话3	-1	-1	-1	-1	0	0	1136	LiQiLai	……不是我不想帮你，在我的研究的这个节骨眼上，做出这种事，前功尽弃不说，我可是要背负一生的骂名啊！	5	0	0
								1139	AiLiNa	如果我的研究没有错的话，付出这些也是值得的！	5	0	0
								1136	LiQiLai	哼！自私的女人！你就怀抱着你的梦想溺死吧！	5	0	0
272	8-2对话3	-1	-1	-1	-1	0	0	1136	LiQiLai	哼！但是也不能这么看着你去死！我最多只能帮你拖延时间！剩下的我一概不管！	5	0	0
								1139	AiLiNa	哦？那你要怎么做呢？	5	0	0
								1136	LiQiLai	我的做法，你不用知道！	5	0	0
273	8-2对话3	-1	-1	-1	-1	0	0	38	PiYaSuoLa	你看看你，搞得这么狼狈，就是为了赶到这里啊？	5	0	0
								1139	AiLiNa	哼，嘲讽的话你有的是时间说，再说了，贤者出手了，换成谁都一样！	5	0	0
								38	PiYaSuoLa	你还真是嘴硬！算了！现在是什么情况？！	5	0	0
274	8-2对话2	-1	-1	-1	-1	0	0	-1	MainPlayer	阿尔得巴兰大人，皮亚索拉怎么逃出来了？！还有这次是不是来的有点早了？	5	0	0
								1147	AerDeBaLan	不，是我放他走的。这次的敌人似乎有些不一般，你等下就知道了。	5	0	0
275	8-2对话3	-1	-1	-1	-1	0	0	-1	MainPlayer	呼…………刚才那家伙好强，让人感觉和魔王不相上下了……	5	0	0
								1147	AerDeBaLan	那和我一样只不过是个幻影罢了，那家伙是掌控时间和梦境的魔物，当然不简单。不过你能够获胜也说明你也很强了。	5	0	0
								1147	AerDeBaLan	好了，时间宝贵，我们来看看之后发生了什么吧。	5	0	0
276	8-2对话3	-1	-1	-1	-1	0	0	38	PiYaSuoLa	哼！真是个姗姗来迟的家伙啊，让我们听听这家伙会说什么吧！	5	0	0
								1140	Elena	真是辛苦了，你们居然真的遵守约定把那孩子带来了，来，把她交给我吧！	5	0	0
								1139	AiLiNa	等等！那约定好了的事情呢！	5	0	0
								1140	Elena	愚蠢的妹妹啊，你真的认为人类是我们魔族让你们诞生的吗，真是天真！蝼蚁就安心被碾死就好了！	5	0	0
								38	PiYaSuoLa	休想！这里我拦着，艾莉娜你快跑！	5	0	0
								1140	Elena	就凭你？	5	0	0
277	8-2对话3	-1	-1	-1	-1	0	0	-1	MainPlayer	居然……是这样么？我一直以来做的事……	5	0	0
								1147	AerDeBaLan	不要想那么多，谁能没犯过错，之后做对的事情就好了。	5	0	0
