Id	Desc	Name	Info	Icon	Type	OpenLevel	ProductGroup	StaticProductItemId	Money	Stamina	StuffID1	StuffCount1	StuffID2	StuffCount2	StuffID3	StuffCount3	StuffID4	StuffCount4	SortID
INT	STRING	STRING	STRING	STRING	INT	INT	INT	INT	INT	INT	INT	INT	INT	INT	INT	INT	INT	INT	INT
#MAX_ID=99999;MAX_RECORD=10000;TableType=Index;																			
#ID	程序不读	配方名	配方说明	图标	分类	开放等级	随机产出物分组(对应LivingSkillProduct表中ID检索 1为1~1000)	固定产出DataId	金钱消耗	体能消耗	材料1ID	材料1数量	材料2ID	材料2数量	材料3ID	材料3数量	材料4ID	材料4数量	排序(从1开始 1最先显示)
0	生活技能装戒指（40）	雷兽戒指	40级戒指	Jiezhi_1	0	20	1	-1	100	10	2000	1	2012	50	-1	-1	-1	-1	1
1	生活技能装戒指（60）	冬啸戒指	60级戒指	Jiezhi_2	0	40	3	-1	200	20	2001	1	2012	100	2013	100	-1	-1	2
2	生活技能装戒指（80）	德鲁伊戒指	80级戒指	Jiezhi_3	0	60	5	-1	300	30	2002	1	2013	150	2014	150	-1	-1	3
3	生活技能装戒指（100）	神迹戒指	100级戒指	Jiezhi_4	0	80	7	-1	400	40	2003	1	2014	200	2015	200	-1	-1	4
4	生活技能装耳环（40）	战车耳环	40级耳环	Erhuan_1	0	20	2	-1	100	10	2006	1	2021	50	-1	-1	-1	-1	5
5	生活技能装耳环（60）	潇雨耳环	60级耳环	Erhuan_2	0	40	4	-1	200	20	2007	1	2021	100	2022	100	-1	-1	6
6	生活技能装耳环（80）	海天使耳环	80级耳环	Erhuan_3	0	60	6	-1	300	30	2008	1	2022	150	2023	150	-1	-1	7
7	生活技能装耳环（100）	混沌耳环	100级耳环	Erhuan_4	0	80	8	-1	400	40	2009	1	2023	200	2024	200	-1	-1	8
8	胶囊药剂50级物理攻击	一级物理强化胶囊	提升物理攻击160	wugong	1	50	9	-1	50	4	2039	1	2030	20	-1	-1	-1	-1	1
9	胶囊药剂70级物理攻击	二级物理强化胶囊	提升物理攻击646	wugong	1	70	10	-1	100	6	2040	1	2030	30	2031	30	-1	-1	2
10	胶囊药剂90级物理攻击	三级物理强化胶囊	提升物理攻击1082	wugong	1	90	11	-1	150	8	2041	1	2031	40	2032	40	-1	-1	3
11	胶囊药剂100级物理攻击	四级物理强化胶囊	提升物理攻击1788	wugong	1	100	12	-1	200	10	2042	1	2032	50	2033	50	-1	-1	4
12	胶囊药剂50级法术攻击	一级魔法强化胶囊	提升魔法攻击160	FaGong	1	50	13	-1	50	4	2039	1	2030	20	-1	-1	-1	-1	5
13	胶囊药剂70级法术攻击	二级魔法强化胶囊	提升魔法攻击646	FaGong	1	70	14	-1	100	6	2040	1	2030	30	2031	30	-1	-1	6
14	胶囊药剂90级法术攻击	三级魔法强化胶囊	提升魔法攻击1082	FaGong	1	90	15	-1	150	8	2041	1	2031	40	2032	40	-1	-1	7
15	胶囊药剂100级法术攻击	四级魔法强化胶囊	提升魔法攻击1788	FaGong	1	100	16	-1	200	10	2042	1	2032	50	2033	50	-1	-1	8
16	胶囊药剂50级物理防御	一级磐石护甲胶囊	提升物理防御101	Wufang	1	50	17	-1	50	4	2039	1	2030	20	-1	-1	-1	-1	9
17	胶囊药剂70级物理防御	二级磐石护甲胶囊	提升物理防御409	Wufang	1	70	18	-1	100	6	2040	1	2030	30	2031	30	-1	-1	10
18	胶囊药剂90级物理防御	三级磐石护甲胶囊	提升物理防御686	Wufang	1	90	19	-1	150	8	2041	1	2031	40	2032	40	-1	-1	11
19	胶囊药剂100级物理防御	四级磐石护甲胶囊	提升物理防御1134	Wufang	1	100	20	-1	200	10	2042	1	2032	50	2033	50	-1	-1	12
20	胶囊药剂50级法术防御	一级圣光护体胶囊	提升魔法防御101	Fafang	1	50	21	-1	50	4	2039	1	2030	20	-1	-1	-1	-1	13
21	胶囊药剂70级法术防御	二级圣光护体胶囊	提升魔法防御409	Fafang	1	70	22	-1	100	6	2040	1	2030	30	2031	30	-1	-1	14
22	胶囊药剂90级法术防御	三级圣光护体胶囊	提升魔法防御686	Fafang	1	90	23	-1	150	8	2041	1	2031	40	2032	40	-1	-1	15
23	胶囊药剂100级法术防御	四级圣光护体胶囊	提升魔法防御1134	Fafang	1	100	24	-1	200	10	2042	1	2032	50	2033	50	-1	-1	16
24	胶囊药剂50级命中	一级聚焦胶囊	提升命中93	Mingzhong	1	50	25	-1	50	4	2039	1	2030	20	-1	-1	-1	-1	17
25	胶囊药剂70级命中	二级聚焦胶囊	提升命中370	Mingzhong	1	70	26	-1	100	6	2040	1	2030	30	2031	30	-1	-1	18
26	胶囊药剂90级命中	三级聚焦胶囊	提升命中614	Mingzhong	1	90	27	-1	150	8	2041	1	2031	40	2032	40	-1	-1	19
27	胶囊药剂100级命中	四级聚焦胶囊	提升命中1011	Mingzhong	1	100	28	-1	200	10	2042	1	2032	50	2033	50	-1	-1	20
28	胶囊药剂50级闪避	一级加速胶囊	提升闪避49	Shanbi	1	50	29	-1	50	4	2039	1	2030	20	-1	-1	-1	-1	21
29	胶囊药剂70级闪避	二级加速胶囊	提升闪避192	Shanbi	1	70	30	-1	100	6	2040	1	2030	30	2031	30	-1	-1	22
30	胶囊药剂90级闪避	三级加速胶囊	提升闪避317	Shanbi	1	90	31	-1	150	8	2041	1	2031	40	2032	40	-1	-1	23
31	胶囊药剂100级闪避	四级加速胶囊	提升闪避520	Shanbi	1	100	32	-1	200	10	2042	1	2032	50	2033	50	-1	-1	24
32	胶囊药剂50级暴击	一级弱点聚焦胶囊	提升暴击86	Baoji	1	50	33	-1	50	4	2039	1	2030	20	-1	-1	-1	-1	25
33	胶囊药剂70级暴击	二级弱点聚焦胶囊	提升暴击333	Baoji	1	70	34	-1	100	6	2040	1	2030	30	2031	30	-1	-1	26
34	胶囊药剂90级暴击	三级弱点聚焦胶囊	提升暴击545	Baoji	1	90	35	-1	150	8	2041	1	2031	40	2032	40	-1	-1	27
35	胶囊药剂100级暴击	四级弱点聚焦胶囊	提升暴击892	Baoji	1	100	36	-1	200	10	2042	1	2032	50	2033	50	-1	-1	28
36	胶囊药剂50级血上限	一级生命辅助胶囊	提升生命上限2370	Shengmingshangxian	1	50	37	-1	50	4	2039	1	2030	20	-1	-1	-1	-1	29
37	胶囊药剂70级血上限	二级生命辅助胶囊	提升生命上限9810	Shengmingshangxian	1	70	38	-1	100	6	2040	1	2030	30	2031	30	-1	-1	30
38	胶囊药剂90级血上限	三级生命辅助胶囊	提升生命上限16680	Shengmingshangxian	1	90	39	-1	150	8	2041	1	2031	40	2032	40	-1	-1	31
39	胶囊药剂100级血上限	四级生命辅助胶囊	提升生命上限27720	Shengmingshangxian	1	100	40	-1	200	10	2042	1	2032	50	2033	50	-1	-1	32
40	65级神节	65级神节	65级神节	wenhao	2	65	-1	59296	600000	40	59252	60	-1	-1	-1	-1	-1	-1	1
41	职业神器少林武器(60)	神少林套·净土	少林65神器打造	shaolin6	3	65	-1	59254	600000	40	42606	1	59296	1	-1	-1	-1	-1	1
42	职业神器天山武器(60)	神天山套·灵鹫	天山65神器打造	tianshan6	3	65	-1	59259	600000	40	43606	1	59296	1	-1	-1	-1	-1	1
43	职业神器逍遥武器(60)	神逍遥套·心意	逍遥65神器打造	xiaoyao6	3	65	-1	59264	600000	40	44606	1	59296	1	-1	-1	-1	-1	1
44	职业神器大理武器(60)	神大理套·承影	大理65神器打造	dali6	3	65	-1	59269	600000	40	45606	1	59296	1	-1	-1	-1	-1	1
45	75级神节	75级神节	75级神节	wenhao	2	75	-1	59297	700000	40	59252	100	-1	-1	-1	-1	-1	-1	2
46	职业神器少林武器(70)	神少林套·迦叶	少林75神器打造	shaolin7	3	75	-1	59255	700000	40	42607	1	59297	1	59296	1	-1	-1	2
47	职业神器天山武器(70)	神天山套·无色	天山75神器打造	tianshan7	3	75	-1	59260	700000	40	43607	1	59297	1	59296	1	-1	-1	2
48	职业神器逍遥武器(70)	神逍遥套·独尊	逍遥75神器打造	xiaoyao7	3	75	-1	59265	700000	40	44607	1	59297	1	59296	1	-1	-1	2
49	职业神器大理武器(70)	神大理套·赤霄	大理75神器打造	dali7	3	75	-1	59270	700000	40	45607	1	59297	1	59296	1	-1	-1	2
50	职业神器少林武器(70)	神少林套·迦叶	少林75神器传承	shaolin7	3	75	-1	59255	700000	40	42607	1	59297	1	59254	1	-1	-1	2
51	职业神器天山武器(70)	神天山套·无色	天山75神器传承	tianshan7	3	75	-1	59260	700000	40	43607	1	59297	1	59259	1	-1	-1	2
52	职业神器逍遥武器(70)	神逍遥套·独尊	逍遥75神器传承	xiaoyao7	3	75	-1	59265	700000	40	44607	1	59297	1	59264	1	-1	-1	2
53	职业神器大理武器(70)	神大理套·赤霄	大理75神器传承	dali7	3	75	-1	59270	700000	40	45607	1	59297	1	59269	1	-1	-1	2
54	85级神节	85级神节	85级神节	wenhao	2	85	-1	59298	800000	40	59252	260	-1	-1	-1	-1	-1	-1	3
55	职业神器少林武器(80)	神少林套·精舍	少林85神器打造	shaolin8	3	85	-1	59256	800000	40	42608	1	59298	1	59297	1	-1	-1	3
56	职业神器天山武器(80)	神天山套·无相	天山85神器打造	tianshan8	3	85	-1	59261	800000	40	43608	1	59298	1	59297	1	-1	-1	3
57	职业神器逍遥武器(80)	神逍遥套·八荒	逍遥85神器打造	xiaoyao8	3	85	-1	59266	800000	40	44608	1	59298	1	59297	1	-1	-1	3
58	职业神器大理武器(80)	神大理套·龙渊	大理85神器打造	dali8	3	85	-1	59271	800000	40	45608	1	59298	1	59297	1	-1	-1	3
59	职业神器少林武器(80)	神少林套·精舍	少林85神器传承	shaolin8	3	85	-1	59256	800000	40	42608	1	59298	1	59255	1	-1	-1	3
60	职业神器天山武器(80)	神天山套·无相	天山85神器传承	tianshan8	3	85	-1	59261	800000	40	43608	1	59298	1	59260	1	-1	-1	3
61	职业神器逍遥武器(80)	神逍遥套·八荒	逍遥85神器传承	xiaoyao8	3	85	-1	59266	800000	40	44608	1	59298	1	59265	1	-1	-1	3
62	职业神器大理武器(80)	神大理套·龙渊	大理85神器传承	dali8	3	85	-1	59271	800000	40	45608	1	59298	1	59270	1	-1	-1	3
63	95级神节	95级神节	95级神节	wenhao	2	90	-1	59299	900000	40	59252	580	-1	-1	-1	-1	-1	-1	4
64	职业神器少林武器(90)	神少林套·大乘	少林95神器打造	shaolinwuqi9	3	95	-1	59257	900000	40	42609	1	59299	1	59298	1	-1	-1	4
65	职业神器天山武器(90)	神天山套·同生	天山95神器打造	tianshanwuqi9	3	95	-1	59262	900000	40	43609	1	59299	1	59298	1	-1	-1	4
66	职业神器逍遥武器(90)	神逍遥套·六合	逍遥95神器打造	xiaoyaowuqi9	3	95	-1	59267	900000	40	44609	1	59299	1	59298	1	-1	-1	4
67	职业神器大理武器(90)	神大理套·轩辕	大理95神器打造	daliwuqi9	3	95	-1	59272	900000	40	45609	1	59299	1	59298	1	-1	-1	4
68	职业神器少林武器(90)	神少林套·大乘	少林95神器传承	shaolinwuqi9	3	95	-1	59257	900000	40	42609	1	59299	1	59256	1	-1	-1	4
69	职业神器天山武器(90)	神天山套·同生	天山95神器传承	tianshanwuqi9	3	95	-1	59262	900000	40	43609	1	59299	1	59261	1	-1	-1	4
70	职业神器逍遥武器(90)	神逍遥套·六合	逍遥95神器传承	xiaoyaowuqi9	3	95	-1	59267	900000	40	44609	1	59299	1	59266	1	-1	-1	4
71	职业神器大理武器(90)	神大理套·轩辕	大理95神器传承	daliwuqi9	3	95	-1	59272	900000	40	45609	1	59299	1	59271	1	-1	-1	4
72	Vip神器少林武器(90)	神少林套·降龙	少林90VIP神器打造	shaolinwuqi10	3	90	-1	59274	900000	40	59017	1	59299	1	59298	1	-1	-1	5
73	Vip神器天山武器(90)	神天山套·降龙	天山90VIP神器打造	tianshanwuqi10	3	90	-1	59275	900000	40	59018	1	59299	1	59298	1	-1	-1	5
74	Vip神器逍遥武器(90)	神逍遥套·降龙	逍遥90VIP神器打造	xiaoyaowuqi10	3	90	-1	59276	900000	40	59019	1	59299	1	59298	1	-1	-1	5
75	Vip神器大理武器(90)	神大理套·降龙	大理90VIP神器打造	daliwuqi10	3	90	-1	59277	900000	40	59020	1	59299	1	59298	1	-1	-1	5
76	Vip神器少林武器(90)	神少林套·降龙	少林90VIP神器传承	shaolinwuqi10	3	90	-1	59274	900000	40	59017	1	59299	1	59256	1	-1	-1	5
77	Vip神器天山武器(90)	神天山套·降龙	天山90VIP神器传承	tianshanwuqi10	3	90	-1	59275	900000	40	59018	1	59299	1	59261	1	-1	-1	5
78	Vip神器逍遥武器(90)	神逍遥套·降龙	逍遥90VIP神器传承	xiaoyaowuqi10	3	90	-1	59276	900000	40	59019	1	59299	1	59266	1	-1	-1	5
79	Vip神器大理武器(90)	神大理套·降龙	大理90VIP神器传承	daliwuqi10	3	90	-1	59277	900000	40	59020	1	59299	1	59271	1	-1	-1	5
80	职业神器丐帮武器(60)	神丐帮套·青竹	丐帮65神器打造	wenhao	3	65	-1	68105	600000	40	66606	1	59296	1	-1	-1	-1	-1	1
81	职业神器丐帮武器(70)	神丐帮套·炽炎	丐帮75神器打造	wenhao	3	75	-1	68106	700000	40	66607	1	59297	1	59296	1	-1	-1	2
82	职业神器丐帮武器(70)	神丐帮套·炽炎	丐帮75神器传承	wenhao	3	75	-1	68106	700000	40	66607	1	59297	1	68105	1	-1	-1	2
83	职业神器丐帮武器(80)	神丐帮套·亢龙	丐帮85神器打造	wenhao	3	85	-1	68107	800000	40	66608	1	59298	1	59297	1	-1	-1	3
84	职业神器丐帮武器(80)	神丐帮套·亢龙	丐帮85神器传承	wenhao	3	85	-1	68107	800000	40	66608	1	59298	1	68106	1	-1	-1	3
85	职业神器丐帮武器(90)	神丐帮套·龙战	丐帮95神器打造	wenhao	3	95	-1	68108	900000	40	66609	1	59299	1	59298	1	-1	-1	4
86	职业神器丐帮武器(90)	神丐帮套·龙战	丐帮95神器传承	wenhao	3	95	-1	68108	900000	40	66609	1	59299	1	68107	1	-1	-1	4
87	Vip神器丐帮武器(90)	神丐帮套·降龙	丐帮90VIP神器打造	wenhao	3	90	-1	68110	900000	40	68001	1	59299	1	59298	1	-1	-1	5
88	Vip神器丐帮武器(90)	神丐帮套·降龙	丐帮90VIP神器传承	wenhao	3	90	-1	68110	900000	40	68001	1	59299	1	68108	1	-1	-1	5
89		职业橙套少林头部(80)1阶	少林精舍帽·1阶	maozi08	4	80	-1	12118	8000	40	42108	1	70036	3	70051	1	-1	-1	1
90		职业橙套少林头部(90)1阶	少林大乘帽·1阶	maozi08	4	90	-1	12119	9000	40	42109	1	70037	3	70052	1	-1	-1	1
91		职业橙套少林头部(100)1阶	少林佛语帽·1阶	maozi08	4	100	-1	12120	10000	40	42110	1	70038	3	70053	1	-1	-1	1
92		职业橙套少林头部(80)2阶	少林精舍帽·2阶	maozi08	4	80	-1	12128	8000	40	12118	1	70036	4	70051	1	-1	-1	1
93		职业橙套少林头部(90)2阶	少林大乘帽·2阶	maozi08	4	90	-1	12129	9000	40	12119	1	70037	4	70052	1	-1	-1	1
94		职业橙套少林头部(100)2阶	少林佛语帽·2阶	maozi08	4	100	-1	12130	10000	40	12120	1	70038	4	70053	1	-1	-1	1
95		职业橙套少林头部(80)3阶	少林精舍帽·3阶	maozi08	4	80	-1	12138	8000	40	12128	1	70036	5	70051	1	-1	-1	1
96		职业橙套少林头部(90)3阶	少林大乘帽·3阶	maozi08	4	90	-1	12139	9000	40	12129	1	70037	5	70052	1	-1	-1	1
97		职业橙套少林头部(100)3阶	少林佛语帽·3阶	maozi08	4	100	-1	12140	10000	40	12130	1	70038	5	70053	1	-1	-1	1
98		职业橙套少林头部(80)4阶	少林精舍帽·4阶	maozi08	4	80	-1	12148	8000	40	12138	1	70036	6	70051	1	-1	-1	1
99		职业橙套少林头部(90)4阶	少林大乘帽·4阶	maozi08	4	90	-1	12149	9000	40	12139	1	70037	6	70052	1	-1	-1	1
100		职业橙套少林头部(100)4阶	少林佛语帽·4阶	maozi08	4	100	-1	12150	10000	40	12140	1	70038	6	70053	1	-1	-1	1
101		职业橙套少林头部(80)5阶	少林精舍帽·5阶	maozi08	4	80	-1	12158	8000	40	12148	1	70036	7	70051	1	-1	-1	1
102		职业橙套少林头部(90)5阶	少林大乘帽·5阶	maozi08	4	90	-1	12159	9000	40	12149	1	70037	7	70052	1	-1	-1	1
103		职业橙套少林头部(100)5阶	少林佛语帽·5阶	maozi08	4	100	-1	12160	10000	40	12150	1	70038	7	70053	1	-1	-1	1
104		职业橙套少林头部(100)6阶	少林佛语帽·6阶	maozi08	4	100	-1	12170	10000	40	12160	1	70038	8	70053	1	-1	-1	1
105		职业橙套少林头部(100)7阶	少林佛语帽·7阶	maozi08	4	100	-1	12180	10000	40	12170	1	70038	9	70053	1	-1	-1	1
106		职业橙套少林头部(100)8阶	少林佛语帽·8阶	maozi08	4	100	-1	12190	10000	40	12180	1	70038	10	70053	1	-1	-1	1
107		职业橙套少林头部(100)9阶	少林佛语帽·9阶	maozi08	4	100	-1	12200	10000	40	12190	1	70038	12	70053	1	-1	-1	1
108		职业橙套少林头部(100)10阶	少林佛语帽·10阶	maozi08	4	100	-1	12210	10000	40	12200	1	70038	15	70053	1	-1	-1	1
109		职业橙套少林上衣(80)1阶	少林精舍衣·1阶	fojintao	4	80	-1	12218	8000	40	42208	1	70036	3	70051	1	-1	-1	1
110		职业橙套少林上衣(90)1阶	少林大乘衣·1阶	heshang90	4	90	-1	12219	9000	40	42209	1	70037	3	70052	1	-1	-1	1
111		职业橙套少林上衣(100)1阶	少林佛语衣·1阶	heshang100	4	100	-1	12220	10000	40	42210	1	70038	3	70053	1	-1	-1	1
112		VIP少林上衣(90)1阶	少林降龙衣·1阶	shangyi_shaolin_10	4	90	-1	12221	9000	40	59013	1	70037	3	70052	1	-1	-1	1
113		职业橙套少林上衣(80)2阶	少林精舍衣·2阶	fojintao	4	80	-1	12228	8000	40	12218	1	70036	4	70051	1	-1	-1	1
114		职业橙套少林上衣(90)2阶	少林大乘衣·2阶	heshang90	4	90	-1	12229	9000	40	12219	1	70037	4	70052	1	-1	-1	1
115		职业橙套少林上衣(100)2阶	少林佛语衣·2阶	heshang100	4	100	-1	12230	10000	40	12220	1	70038	4	70053	1	-1	-1	1
116		VIP少林上衣(90)2阶	少林降龙衣·2阶	shangyi_shaolin_10	4	90	-1	12231	9000	40	12221	1	70037	4	70052	1	-1	-1	1
117		职业橙套少林上衣(80)3阶	少林精舍衣·3阶	fojintao	4	80	-1	12238	8000	40	12228	1	70036	5	70051	1	-1	-1	1
118		职业橙套少林上衣(90)3阶	少林大乘衣·3阶	heshang90	4	90	-1	12239	9000	40	12229	1	70037	5	70052	1	-1	-1	1
119		职业橙套少林上衣(100)3阶	少林佛语衣·3阶	heshang100	4	100	-1	12240	10000	40	12230	1	70038	5	70053	1	-1	-1	1
120		VIP少林上衣(90)3阶	少林降龙衣·3阶	shangyi_shaolin_10	4	90	-1	12241	9000	40	12231	1	70037	5	70052	1	-1	-1	1
121		职业橙套少林上衣(80)4阶	少林精舍衣·4阶	fojintao	4	80	-1	12248	8000	40	12238	1	70036	6	70051	1	-1	-1	1
122		职业橙套少林上衣(90)4阶	少林大乘衣·4阶	heshang90	4	90	-1	12249	9000	40	12239	1	70037	6	70052	1	-1	-1	1
123		职业橙套少林上衣(100)4阶	少林佛语衣·4阶	heshang100	4	100	-1	12250	10000	40	12240	1	70038	6	70053	1	-1	-1	1
124		VIP少林上衣(90)4阶	少林降龙衣·4阶	shangyi_shaolin_10	4	90	-1	12251	9000	40	12241	1	70037	6	70052	1	-1	-1	1
125		职业橙套少林上衣(80)5阶	少林精舍衣·5阶	fojintao	4	80	-1	12258	8000	40	12248	1	70036	7	70051	1	-1	-1	1
126		职业橙套少林上衣(90)5阶	少林大乘衣·5阶	heshang90	4	90	-1	12259	9000	40	12249	1	70037	7	70052	1	-1	-1	1
127		职业橙套少林上衣(100)5阶	少林佛语衣·5阶	heshang100	4	100	-1	12260	10000	40	12250	1	70038	7	70053	1	-1	-1	1
128		VIP少林上衣(90)5阶	少林降龙衣·5阶	shangyi_shaolin_10	4	90	-1	12261	9000	40	12251	1	70037	7	70052	1	-1	-1	1
129		职业橙套少林上衣(100)6阶	少林佛语衣·6阶	heshang100	4	100	-1	12270	10000	40	12260	1	70038	8	70053	1	-1	-1	1
130		职业橙套少林上衣(100)7阶	少林佛语衣·7阶	heshang100	4	100	-1	12280	10000	40	12270	1	70038	9	70053	1	-1	-1	1
131		职业橙套少林上衣(100)8阶	少林佛语衣·8阶	heshang100	4	100	-1	12290	10000	40	12280	1	70038	10	70053	1	-1	-1	1
132		职业橙套少林上衣(100)9阶	少林佛语衣·9阶	heshang100	4	100	-1	12300	10000	40	12290	1	70038	12	70053	1	-1	-1	1
133		职业橙套少林上衣(100)10阶	少林佛语衣·10阶	heshang100	4	100	-1	12310	10000	40	12300	1	70038	15	70053	1	-1	-1	1
134		职业橙套少林下衣(80)1阶	少林精舍裤·1阶	kuzi08	4	80	-1	12318	8000	40	42308	1	70036	3	70051	1	-1	-1	1
135		职业橙套少林下衣(90)1阶	少林大乘裤·1阶	kuzi08	4	90	-1	12319	9000	40	42309	1	70037	3	70052	1	-1	-1	1
136		职业橙套少林下衣(100)1阶	少林佛语裤·1阶	kuzi08	4	100	-1	12320	10000	40	42310	1	70038	3	70053	1	-1	-1	1
137		VIP少林下衣(90)1阶	少林降龙裤·1阶	kuzi08	4	90	-1	12321	9000	40	59031	1	70037	3	70052	1	-1	-1	1
138		职业橙套少林下衣(80)2阶	少林精舍裤·2阶	kuzi08	4	80	-1	12328	8000	40	12318	1	70036	4	70051	1	-1	-1	1
139		职业橙套少林下衣(90)2阶	少林大乘裤·2阶	kuzi08	4	90	-1	12329	9000	40	12319	1	70037	4	70052	1	-1	-1	1
140		职业橙套少林下衣(100)2阶	少林佛语裤·2阶	kuzi08	4	100	-1	12330	10000	40	12320	1	70038	4	70053	1	-1	-1	1
141		VIP少林下衣(90)2阶	少林降龙裤·2阶	kuzi08	4	90	-1	12331	9000	40	12321	1	70037	4	70052	1	-1	-1	1
142		职业橙套少林下衣(80)3阶	少林精舍裤·3阶	kuzi08	4	80	-1	12338	8000	40	12328	1	70036	5	70051	1	-1	-1	1
143		职业橙套少林下衣(90)3阶	少林大乘裤·3阶	kuzi08	4	90	-1	12339	9000	40	12329	1	70037	5	70052	1	-1	-1	1
144		职业橙套少林下衣(100)3阶	少林佛语裤·3阶	kuzi08	4	100	-1	12340	10000	40	12330	1	70038	5	70053	1	-1	-1	1
145		VIP少林下衣(90)3阶	少林降龙裤·3阶	kuzi08	4	90	-1	12341	9000	40	12331	1	70037	5	70052	1	-1	-1	1
146		职业橙套少林下衣(80)4阶	少林精舍裤·4阶	kuzi08	4	80	-1	12348	8000	40	12338	1	70036	6	70051	1	-1	-1	1
147		职业橙套少林下衣(90)4阶	少林大乘裤·4阶	kuzi08	4	90	-1	12349	9000	40	12339	1	70037	6	70052	1	-1	-1	1
148		职业橙套少林下衣(100)4阶	少林佛语裤·4阶	kuzi08	4	100	-1	12350	10000	40	12340	1	70038	6	70053	1	-1	-1	1
149		VIP少林下衣(90)4阶	少林降龙裤·4阶	kuzi08	4	90	-1	12351	9000	40	12341	1	70037	6	70052	1	-1	-1	1
150		职业橙套少林下衣(80)5阶	少林精舍裤·5阶	kuzi08	4	80	-1	12358	8000	40	12348	1	70036	7	70051	1	-1	-1	1
151		职业橙套少林下衣(90)5阶	少林大乘裤·5阶	kuzi08	4	90	-1	12359	9000	40	12349	1	70037	7	70052	1	-1	-1	1
152		职业橙套少林下衣(100)5阶	少林佛语裤·5阶	kuzi08	4	100	-1	12360	10000	40	12350	1	70038	7	70053	1	-1	-1	1
153		VIP少林下衣(90)5阶	少林降龙裤·5阶	kuzi08	4	90	-1	12361	9000	40	12351	1	70037	7	70052	1	-1	-1	1
154		职业橙套少林下衣(100)6阶	少林佛语裤·6阶	kuzi08	4	100	-1	12370	10000	40	12360	1	70038	8	70053	1	-1	-1	1
155		职业橙套少林下衣(100)7阶	少林佛语裤·7阶	kuzi08	4	100	-1	12380	10000	40	12370	1	70038	9	70053	1	-1	-1	1
156		职业橙套少林下衣(100)8阶	少林佛语裤·8阶	kuzi08	4	100	-1	12390	10000	40	12380	1	70038	10	70053	1	-1	-1	1
157		职业橙套少林下衣(100)9阶	少林佛语裤·9阶	kuzi08	4	100	-1	12400	10000	40	12390	1	70038	12	70053	1	-1	-1	1
158		职业橙套少林下衣(100)10阶	少林佛语裤·10阶	kuzi08	4	100	-1	12410	10000	40	12400	1	70038	15	70053	1	-1	-1	1
159		职业橙套少林鞋子(80)1阶	少林精舍靴·1阶	xiezi08	4	80	-1	12418	8000	40	42408	1	70036	3	70051	1	-1	-1	1
160		职业橙套少林鞋子(90)1阶	少林大乘靴·1阶	xiezi08	4	90	-1	12419	9000	40	42409	1	70037	3	70052	1	-1	-1	1
161		职业橙套少林鞋子(100)1阶	少林佛语靴·1阶	xiezi08	4	100	-1	12420	10000	40	42410	1	70038	3	70053	1	-1	-1	1
162		职业橙套少林鞋子(80)2阶	少林精舍靴·2阶	xiezi08	4	80	-1	12428	8000	40	12418	1	70036	4	70051	1	-1	-1	1
163		职业橙套少林鞋子(90)2阶	少林大乘靴·2阶	xiezi08	4	90	-1	12429	9000	40	12419	1	70037	4	70052	1	-1	-1	1
164		职业橙套少林鞋子(100)2阶	少林佛语靴·2阶	xiezi08	4	100	-1	12430	10000	40	12420	1	70038	4	70053	1	-1	-1	1
165		职业橙套少林鞋子(80)3阶	少林精舍靴·3阶	xiezi08	4	80	-1	12438	8000	40	12428	1	70036	5	70051	1	-1	-1	1
166		职业橙套少林鞋子(90)3阶	少林大乘靴·3阶	xiezi08	4	90	-1	12439	9000	40	12429	1	70037	5	70052	1	-1	-1	1
167		职业橙套少林鞋子(100)3阶	少林佛语靴·3阶	xiezi08	4	100	-1	12440	10000	40	12430	1	70038	5	70053	1	-1	-1	1
168		职业橙套少林鞋子(80)4阶	少林精舍靴·4阶	xiezi08	4	80	-1	12448	8000	40	12438	1	70036	6	70051	1	-1	-1	1
169		职业橙套少林鞋子(90)4阶	少林大乘靴·4阶	xiezi08	4	90	-1	12449	9000	40	12439	1	70037	6	70052	1	-1	-1	1
170		职业橙套少林鞋子(100)4阶	少林佛语靴·4阶	xiezi08	4	100	-1	12450	10000	40	12440	1	70038	6	70053	1	-1	-1	1
171		职业橙套少林鞋子(80)5阶	少林精舍靴·5阶	xiezi08	4	80	-1	12458	8000	40	12448	1	70036	7	70051	1	-1	-1	1
172		职业橙套少林鞋子(90)5阶	少林大乘靴·5阶	xiezi08	4	90	-1	12459	9000	40	12449	1	70037	7	70052	1	-1	-1	1
173		职业橙套少林鞋子(100)5阶	少林佛语靴·5阶	xiezi08	4	100	-1	12460	10000	40	12450	1	70038	7	70053	1	-1	-1	1
174		职业橙套少林鞋子(100)6阶	少林佛语靴·6阶	xiezi08	4	100	-1	12470	10000	40	12460	1	70038	8	70053	1	-1	-1	1
175		职业橙套少林鞋子(100)7阶	少林佛语靴·7阶	xiezi08	4	100	-1	12480	10000	40	12470	1	70038	9	70053	1	-1	-1	1
176		职业橙套少林鞋子(100)8阶	少林佛语靴·8阶	xiezi08	4	100	-1	12490	10000	40	12480	1	70038	10	70053	1	-1	-1	1
177		职业橙套少林鞋子(100)9阶	少林佛语靴·9阶	xiezi08	4	100	-1	12500	10000	40	12490	1	70038	12	70053	1	-1	-1	1
178		职业橙套少林鞋子(100)10阶	少林佛语靴·10阶	xiezi08	4	100	-1	12510	10000	40	12500	1	70038	15	70053	1	-1	-1	1
179		职业橙套少林手腕(80)1阶	少林精舍腕·1阶	shoutao08	4	80	-1	12518	8000	40	42508	1	70036	3	70051	1	-1	-1	1
180		职业橙套少林手腕(90)1阶	少林大乘腕·1阶	shoutao08	4	90	-1	12519	9000	40	42509	1	70037	3	70052	1	-1	-1	1
181		职业橙套少林手腕(100)1阶	少林佛语腕·1阶	shoutao08	4	100	-1	12520	10000	40	42510	1	70038	3	70053	1	-1	-1	1
182		职业橙套少林手腕(80)2阶	少林精舍腕·2阶	shoutao08	4	80	-1	12528	8000	40	12518	1	70036	4	70051	1	-1	-1	1
183		职业橙套少林手腕(90)2阶	少林大乘腕·2阶	shoutao08	4	90	-1	12529	9000	40	12519	1	70037	4	70052	1	-1	-1	1
184		职业橙套少林手腕(100)2阶	少林佛语腕·2阶	shoutao08	4	100	-1	12530	10000	40	12520	1	70038	4	70053	1	-1	-1	1
185		职业橙套少林手腕(80)3阶	少林精舍腕·3阶	shoutao08	4	80	-1	12538	8000	40	12528	1	70036	5	70051	1	-1	-1	1
186		职业橙套少林手腕(90)3阶	少林大乘腕·3阶	shoutao08	4	90	-1	12539	9000	40	12529	1	70037	5	70052	1	-1	-1	1
187		职业橙套少林手腕(100)3阶	少林佛语腕·3阶	shoutao08	4	100	-1	12540	10000	40	12530	1	70038	5	70053	1	-1	-1	1
188		职业橙套少林手腕(80)4阶	少林精舍腕·4阶	shoutao08	4	80	-1	12548	8000	40	12538	1	70036	6	70051	1	-1	-1	1
189		职业橙套少林手腕(90)4阶	少林大乘腕·4阶	shoutao08	4	90	-1	12549	9000	40	12539	1	70037	6	70052	1	-1	-1	1
190		职业橙套少林手腕(100)4阶	少林佛语腕·4阶	shoutao08	4	100	-1	12550	10000	40	12540	1	70038	6	70053	1	-1	-1	1
191		职业橙套少林手腕(80)5阶	少林精舍腕·5阶	shoutao08	4	80	-1	12558	8000	40	12548	1	70036	7	70051	1	-1	-1	1
192		职业橙套少林手腕(90)5阶	少林大乘腕·5阶	shoutao08	4	90	-1	12559	9000	40	12549	1	70037	7	70052	1	-1	-1	1
193		职业橙套少林手腕(100)5阶	少林佛语腕·5阶	shoutao08	4	100	-1	12560	10000	40	12550	1	70038	7	70053	1	-1	-1	1
194		职业橙套少林手腕(100)6阶	少林佛语腕·6阶	shoutao08	4	100	-1	12570	10000	40	12560	1	70038	8	70053	1	-1	-1	1
195		职业橙套少林手腕(100)7阶	少林佛语腕·7阶	shoutao08	4	100	-1	12580	10000	40	12570	1	70038	9	70053	1	-1	-1	1
196		职业橙套少林手腕(100)8阶	少林佛语腕·8阶	shoutao08	4	100	-1	12590	10000	40	12580	1	70038	10	70053	1	-1	-1	1
197		职业橙套少林手腕(100)9阶	少林佛语腕·9阶	shoutao08	4	100	-1	12600	10000	40	12590	1	70038	12	70053	1	-1	-1	1
198		职业橙套少林手腕(100)10阶	少林佛语腕·10阶	shoutao08	4	100	-1	12610	10000	40	12600	1	70038	15	70053	1	-1	-1	1
199		职业橙套少林饰品1(80)1阶	少林精舍坠·1阶	shipin08	4	80	-1	12718	8000	40	42708	1	70036	3	70051	1	-1	-1	1
200		职业橙套少林饰品1(90)1阶	少林大乘坠·1阶	shipin08	4	90	-1	12719	9000	40	42709	1	70037	3	70052	1	-1	-1	1
201		职业橙套少林饰品1(100)1阶	少林佛语坠·1阶	shipin08	4	100	-1	12720	10000	40	42710	1	70038	3	70053	1	-1	-1	1
202		VIP少林饰品1(90)1阶	少林降龙坠·1阶	shipin08	4	90	-1	12721	9000	40	59035	1	70037	3	70052	1	-1	-1	1
203		职业橙套少林饰品1(80)2阶	少林精舍坠·2阶	shipin08	4	80	-1	12728	8000	40	12718	1	70036	4	70051	1	-1	-1	1
204		职业橙套少林饰品1(90)2阶	少林大乘坠·2阶	shipin08	4	90	-1	12729	9000	40	12719	1	70037	4	70052	1	-1	-1	1
205		职业橙套少林饰品1(100)2阶	少林佛语坠·2阶	shipin08	4	100	-1	12730	10000	40	12720	1	70038	4	70053	1	-1	-1	1
206		VIP少林饰品1(90)2阶	少林降龙坠·2阶	shipin08	4	90	-1	12731	9000	40	12721	1	70037	4	70052	1	-1	-1	1
207		职业橙套少林饰品1(80)3阶	少林精舍坠·3阶	shipin08	4	80	-1	12738	8000	40	12728	1	70036	5	70051	1	-1	-1	1
208		职业橙套少林饰品1(90)3阶	少林大乘坠·3阶	shipin08	4	90	-1	12739	9000	40	12729	1	70037	5	70052	1	-1	-1	1
209		职业橙套少林饰品1(100)3阶	少林佛语坠·3阶	shipin08	4	100	-1	12740	10000	40	12730	1	70038	5	70053	1	-1	-1	1
210		VIP少林饰品1(90)3阶	少林降龙坠·3阶	shipin08	4	90	-1	12741	9000	40	12731	1	70037	5	70052	1	-1	-1	1
211		职业橙套少林饰品1(80)4阶	少林精舍坠·4阶	shipin08	4	80	-1	12748	8000	40	12738	1	70036	6	70051	1	-1	-1	1
212		职业橙套少林饰品1(90)4阶	少林大乘坠·4阶	shipin08	4	90	-1	12749	9000	40	12739	1	70037	6	70052	1	-1	-1	1
213		职业橙套少林饰品1(100)4阶	少林佛语坠·4阶	shipin08	4	100	-1	12750	10000	40	12740	1	70038	6	70053	1	-1	-1	1
214		VIP少林饰品1(90)4阶	少林降龙坠·4阶	shipin08	4	90	-1	12751	9000	40	12741	1	70037	6	70052	1	-1	-1	1
215		职业橙套少林饰品1(80)5阶	少林精舍坠·5阶	shipin08	4	80	-1	12758	8000	40	12748	1	70036	7	70051	1	-1	-1	1
216		职业橙套少林饰品1(90)5阶	少林大乘坠·5阶	shipin08	4	90	-1	12759	9000	40	12749	1	70037	7	70052	1	-1	-1	1
217		职业橙套少林饰品1(100)5阶	少林佛语坠·5阶	shipin08	4	100	-1	12760	10000	40	12750	1	70038	7	70053	1	-1	-1	1
218		VIP少林饰品1(90)5阶	少林降龙坠·5阶	shipin08	4	90	-1	12761	9000	40	12751	1	70037	7	70052	1	-1	-1	1
219		职业橙套少林饰品1(100)6阶	少林佛语坠·6阶	shipin08	4	100	-1	12770	10000	40	12760	1	70038	8	70053	1	-1	-1	1
220		职业橙套少林饰品1(100)7阶	少林佛语坠·7阶	shipin08	4	100	-1	12780	10000	40	12770	1	70038	9	70053	1	-1	-1	1
221		职业橙套少林饰品1(100)8阶	少林佛语坠·8阶	shipin08	4	100	-1	12790	10000	40	12780	1	70038	10	70053	1	-1	-1	1
222		职业橙套少林饰品1(100)9阶	少林佛语坠·9阶	shipin08	4	100	-1	12800	10000	40	12790	1	70038	12	70053	1	-1	-1	1
223		职业橙套少林饰品1(100)10阶	少林佛语坠·10阶	shipin08	4	100	-1	12810	10000	40	12800	1	70038	15	70053	1	-1	-1	1
224		职业橙套天山头部(80)1阶	天山无相帽·1阶	maozi08	4	80	-1	13118	8000	40	43108	1	70036	3	70051	1	-1	-1	1
225		职业橙套天山头部(90)1阶	天山同生帽·1阶	maozi08	4	90	-1	13119	9000	40	43109	1	70037	3	70052	1	-1	-1	1
226		职业橙套天山头部(100)1阶	天山融雪帽·1阶	maozi08	4	100	-1	13120	10000	40	43110	1	70038	3	70053	1	-1	-1	1
227		职业橙套天山头部(80)2阶	天山无相帽·2阶	maozi08	4	80	-1	13128	8000	40	13118	1	70036	4	70051	1	-1	-1	1
228		职业橙套天山头部(90)2阶	天山同生帽·2阶	maozi08	4	90	-1	13129	9000	40	13119	1	70037	4	70052	1	-1	-1	1
229		职业橙套天山头部(100)2阶	天山融雪帽·2阶	maozi08	4	100	-1	13130	10000	40	13120	1	70038	4	70053	1	-1	-1	1
230		职业橙套天山头部(80)3阶	天山无相帽·3阶	maozi08	4	80	-1	13138	8000	40	13128	1	70036	5	70051	1	-1	-1	1
231		职业橙套天山头部(90)3阶	天山同生帽·3阶	maozi08	4	90	-1	13139	9000	40	13129	1	70037	5	70052	1	-1	-1	1
232		职业橙套天山头部(100)3阶	天山融雪帽·3阶	maozi08	4	100	-1	13140	10000	40	13130	1	70038	5	70053	1	-1	-1	1
233		职业橙套天山头部(80)4阶	天山无相帽·4阶	maozi08	4	80	-1	13148	8000	40	13138	1	70036	6	70051	1	-1	-1	1
234		职业橙套天山头部(90)4阶	天山同生帽·4阶	maozi08	4	90	-1	13149	9000	40	13139	1	70037	6	70052	1	-1	-1	1
235		职业橙套天山头部(100)4阶	天山融雪帽·4阶	maozi08	4	100	-1	13150	10000	40	13140	1	70038	6	70053	1	-1	-1	1
236		职业橙套天山头部(80)5阶	天山无相帽·5阶	maozi08	4	80	-1	13158	8000	40	13148	1	70036	7	70051	1	-1	-1	1
237		职业橙套天山头部(90)5阶	天山同生帽·5阶	maozi08	4	90	-1	13159	9000	40	13149	1	70037	7	70052	1	-1	-1	1
238		职业橙套天山头部(100)5阶	天山融雪帽·5阶	maozi08	4	100	-1	13160	10000	40	13150	1	70038	7	70053	1	-1	-1	1
239		职业橙套天山头部(100)6阶	天山融雪帽·6阶	maozi08	4	100	-1	13170	10000	40	13160	1	70038	8	70053	1	-1	-1	1
240		职业橙套天山头部(100)7阶	天山融雪帽·7阶	maozi08	4	100	-1	13180	10000	40	13170	1	70038	9	70053	1	-1	-1	1
241		职业橙套天山头部(100)8阶	天山融雪帽·8阶	maozi08	4	100	-1	13190	10000	40	13180	1	70038	10	70053	1	-1	-1	1
242		职业橙套天山头部(100)9阶	天山融雪帽·9阶	maozi08	4	100	-1	13200	10000	40	13190	1	70038	12	70053	1	-1	-1	1
243		职业橙套天山头部(100)10阶	天山融雪帽·10阶	maozi08	4	100	-1	13210	10000	40	13200	1	70038	15	70053	1	-1	-1	1
244		职业橙套天山上衣(80)1阶	天山无相衣·1阶	jinyutao	4	80	-1	13218	8000	40	43208	1	70036	3	70051	1	-1	-1	1
245		职业橙套天山上衣(90)1阶	天山同生衣·1阶	tianshan90	4	90	-1	13219	9000	40	43209	1	70037	3	70052	1	-1	-1	1
246		职业橙套天山上衣(100)1阶	天山融雪衣·1阶	tianshan100	4	100	-1	13220	10000	40	43210	1	70038	3	70053	1	-1	-1	1
247		VIP天山上衣(90)1阶	天山降龙衣·1阶	shangyi_tianshan_10	4	90	-1	13221	9000	40	59014	1	70037	3	70052	1	-1	-1	1
248		职业橙套天山上衣(80)2阶	天山无相衣·2阶	jinyutao	4	80	-1	13228	8000	40	13218	1	70036	4	70051	1	-1	-1	1
249		职业橙套天山上衣(90)2阶	天山同生衣·2阶	tianshan90	4	90	-1	13229	9000	40	13219	1	70037	4	70052	1	-1	-1	1
250		职业橙套天山上衣(100)2阶	天山融雪衣·2阶	tianshan100	4	100	-1	13230	10000	40	13220	1	70038	4	70053	1	-1	-1	1
251		VIP天山上衣(90)2阶	天山降龙衣·2阶	shangyi_tianshan_10	4	90	-1	13231	9000	40	13221	1	70037	4	70052	1	-1	-1	1
252		职业橙套天山上衣(80)3阶	天山无相衣·3阶	jinyutao	4	80	-1	13238	8000	40	13228	1	70036	5	70051	1	-1	-1	1
253		职业橙套天山上衣(90)3阶	天山同生衣·3阶	tianshan90	4	90	-1	13239	9000	40	13229	1	70037	5	70052	1	-1	-1	1
254		职业橙套天山上衣(100)3阶	天山融雪衣·3阶	tianshan100	4	100	-1	13240	10000	40	13230	1	70038	5	70053	1	-1	-1	1
255		VIP天山上衣(90)3阶	天山降龙衣·3阶	shangyi_tianshan_10	4	90	-1	13241	9000	40	13231	1	70037	5	70052	1	-1	-1	1
256		职业橙套天山上衣(80)4阶	天山无相衣·4阶	jinyutao	4	80	-1	13248	8000	40	13238	1	70036	6	70051	1	-1	-1	1
257		职业橙套天山上衣(90)4阶	天山同生衣·4阶	tianshan90	4	90	-1	13249	9000	40	13239	1	70037	6	70052	1	-1	-1	1
258		职业橙套天山上衣(100)4阶	天山融雪衣·4阶	tianshan100	4	100	-1	13250	10000	40	13240	1	70038	6	70053	1	-1	-1	1
259		VIP天山上衣(90)4阶	天山降龙衣·4阶	shangyi_tianshan_10	4	90	-1	13251	9000	40	13241	1	70037	6	70052	1	-1	-1	1
260		职业橙套天山上衣(80)5阶	天山无相衣·5阶	jinyutao	4	80	-1	13258	8000	40	13248	1	70036	7	70051	1	-1	-1	1
261		职业橙套天山上衣(90)5阶	天山同生衣·5阶	tianshan90	4	90	-1	13259	9000	40	13249	1	70037	7	70052	1	-1	-1	1
262		职业橙套天山上衣(100)5阶	天山融雪衣·5阶	tianshan100	4	100	-1	13260	10000	40	13250	1	70038	7	70053	1	-1	-1	1
263		VIP天山上衣(90)5阶	天山降龙衣·5阶	shangyi_tianshan_10	4	90	-1	13261	9000	40	13251	1	70037	7	70052	1	-1	-1	1
264		职业橙套天山上衣(100)6阶	天山融雪衣·6阶	tianshan100	4	100	-1	13270	10000	40	13260	1	70038	8	70053	1	-1	-1	1
265		职业橙套天山上衣(100)7阶	天山融雪衣·7阶	tianshan100	4	100	-1	13280	10000	40	13270	1	70038	9	70053	1	-1	-1	1
266		职业橙套天山上衣(100)8阶	天山融雪衣·8阶	tianshan100	4	100	-1	13290	10000	40	13280	1	70038	10	70053	1	-1	-1	1
267		职业橙套天山上衣(100)9阶	天山融雪衣·9阶	tianshan100	4	100	-1	13300	10000	40	13290	1	70038	12	70053	1	-1	-1	1
268		职业橙套天山上衣(100)10阶	天山融雪衣·10阶	tianshan100	4	100	-1	13310	10000	40	13300	1	70038	15	70053	1	-1	-1	1
269		职业橙套天山下衣(80)1阶	天山无相裤·1阶	kuzi08	4	80	-1	13318	8000	40	43308	1	70036	3	70051	1	-1	-1	1
270		职业橙套天山下衣(90)1阶	天山同生裤·1阶	kuzi08	4	90	-1	13319	9000	40	43309	1	70037	3	70052	1	-1	-1	1
271		职业橙套天山下衣(100)1阶	天山融雪裤·1阶	kuzi08	4	100	-1	13320	10000	40	43310	1	70038	3	70053	1	-1	-1	1
272		VIP天山下衣(90)1阶	天山降龙裤·1阶	kuzi08	4	90	-1	13321	9000	40	59032	1	70037	3	70052	1	-1	-1	1
273		职业橙套天山下衣(80)2阶	天山无相裤·2阶	kuzi08	4	80	-1	13328	8000	40	13318	1	70036	4	70051	1	-1	-1	1
274		职业橙套天山下衣(90)2阶	天山同生裤·2阶	kuzi08	4	90	-1	13329	9000	40	13319	1	70037	4	70052	1	-1	-1	1
275		职业橙套天山下衣(100)2阶	天山融雪裤·2阶	kuzi08	4	100	-1	13330	10000	40	13320	1	70038	4	70053	1	-1	-1	1
276		VIP天山下衣(90)2阶	天山降龙裤·2阶	kuzi08	4	90	-1	13331	9000	40	13321	1	70037	4	70052	1	-1	-1	1
277		职业橙套天山下衣(80)3阶	天山无相裤·3阶	kuzi08	4	80	-1	13338	8000	40	13328	1	70036	5	70051	1	-1	-1	1
278		职业橙套天山下衣(90)3阶	天山同生裤·3阶	kuzi08	4	90	-1	13339	9000	40	13329	1	70037	5	70052	1	-1	-1	1
279		职业橙套天山下衣(100)3阶	天山融雪裤·3阶	kuzi08	4	100	-1	13340	10000	40	13330	1	70038	5	70053	1	-1	-1	1
280		VIP天山下衣(90)3阶	天山降龙裤·3阶	kuzi08	4	90	-1	13341	9000	40	13331	1	70037	5	70052	1	-1	-1	1
281		职业橙套天山下衣(80)4阶	天山无相裤·4阶	kuzi08	4	80	-1	13348	8000	40	13338	1	70036	6	70051	1	-1	-1	1
282		职业橙套天山下衣(90)4阶	天山同生裤·4阶	kuzi08	4	90	-1	13349	9000	40	13339	1	70037	6	70052	1	-1	-1	1
283		职业橙套天山下衣(100)4阶	天山融雪裤·4阶	kuzi08	4	100	-1	13350	10000	40	13340	1	70038	6	70053	1	-1	-1	1
284		VIP天山下衣(90)4阶	天山降龙裤·4阶	kuzi08	4	90	-1	13351	9000	40	13341	1	70037	6	70052	1	-1	-1	1
285		职业橙套天山下衣(80)5阶	天山无相裤·5阶	kuzi08	4	80	-1	13358	8000	40	13348	1	70036	7	70051	1	-1	-1	1
286		职业橙套天山下衣(90)5阶	天山同生裤·5阶	kuzi08	4	90	-1	13359	9000	40	13349	1	70037	7	70052	1	-1	-1	1
287		职业橙套天山下衣(100)5阶	天山融雪裤·5阶	kuzi08	4	100	-1	13360	10000	40	13350	1	70038	7	70053	1	-1	-1	1
288		VIP天山下衣(90)5阶	天山降龙裤·5阶	kuzi08	4	90	-1	13361	9000	40	13351	1	70037	7	70052	1	-1	-1	1
289		职业橙套天山下衣(100)6阶	天山融雪裤·6阶	kuzi08	4	100	-1	13370	10000	40	13360	1	70038	8	70053	1	-1	-1	1
290		职业橙套天山下衣(100)7阶	天山融雪裤·7阶	kuzi08	4	100	-1	13380	10000	40	13370	1	70038	9	70053	1	-1	-1	1
291		职业橙套天山下衣(100)8阶	天山融雪裤·8阶	kuzi08	4	100	-1	13390	10000	40	13380	1	70038	10	70053	1	-1	-1	1
292		职业橙套天山下衣(100)9阶	天山融雪裤·9阶	kuzi08	4	100	-1	13400	10000	40	13390	1	70038	12	70053	1	-1	-1	1
293		职业橙套天山下衣(100)10阶	天山融雪裤·10阶	kuzi08	4	100	-1	13410	10000	40	13400	1	70038	15	70053	1	-1	-1	1
294		职业橙套天山鞋子(80)1阶	天山无相靴·1阶	xiezi08	4	80	-1	13418	8000	40	43408	1	70036	3	70051	1	-1	-1	1
295		职业橙套天山鞋子(90)1阶	天山同生靴·1阶	xiezi08	4	90	-1	13419	9000	40	43409	1	70037	3	70052	1	-1	-1	1
296		职业橙套天山鞋子(100)1阶	天山融雪靴·1阶	xiezi08	4	100	-1	13420	10000	40	43410	1	70038	3	70053	1	-1	-1	1
297		职业橙套天山鞋子(80)2阶	天山无相靴·2阶	xiezi08	4	80	-1	13428	8000	40	13418	1	70036	4	70051	1	-1	-1	1
298		职业橙套天山鞋子(90)2阶	天山同生靴·2阶	xiezi08	4	90	-1	13429	9000	40	13419	1	70037	4	70052	1	-1	-1	1
299		职业橙套天山鞋子(100)2阶	天山融雪靴·2阶	xiezi08	4	100	-1	13430	10000	40	13420	1	70038	4	70053	1	-1	-1	1
300		职业橙套天山鞋子(80)3阶	天山无相靴·3阶	xiezi08	4	80	-1	13438	8000	40	13428	1	70036	5	70051	1	-1	-1	1
301		职业橙套天山鞋子(90)3阶	天山同生靴·3阶	xiezi08	4	90	-1	13439	9000	40	13429	1	70037	5	70052	1	-1	-1	1
302		职业橙套天山鞋子(100)3阶	天山融雪靴·3阶	xiezi08	4	100	-1	13440	10000	40	13430	1	70038	5	70053	1	-1	-1	1
303		职业橙套天山鞋子(80)4阶	天山无相靴·4阶	xiezi08	4	80	-1	13448	8000	40	13438	1	70036	6	70051	1	-1	-1	1
304		职业橙套天山鞋子(90)4阶	天山同生靴·4阶	xiezi08	4	90	-1	13449	9000	40	13439	1	70037	6	70052	1	-1	-1	1
305		职业橙套天山鞋子(100)4阶	天山融雪靴·4阶	xiezi08	4	100	-1	13450	10000	40	13440	1	70038	6	70053	1	-1	-1	1
306		职业橙套天山鞋子(80)5阶	天山无相靴·5阶	xiezi08	4	80	-1	13458	8000	40	13448	1	70036	7	70051	1	-1	-1	1
307		职业橙套天山鞋子(90)5阶	天山同生靴·5阶	xiezi08	4	90	-1	13459	9000	40	13449	1	70037	7	70052	1	-1	-1	1
308		职业橙套天山鞋子(100)5阶	天山融雪靴·5阶	xiezi08	4	100	-1	13460	10000	40	13450	1	70038	7	70053	1	-1	-1	1
309		职业橙套天山鞋子(100)6阶	天山融雪靴·6阶	xiezi08	4	100	-1	13470	10000	40	13460	1	70038	8	70053	1	-1	-1	1
310		职业橙套天山鞋子(100)7阶	天山融雪靴·7阶	xiezi08	4	100	-1	13480	10000	40	13470	1	70038	9	70053	1	-1	-1	1
311		职业橙套天山鞋子(100)8阶	天山融雪靴·8阶	xiezi08	4	100	-1	13490	10000	40	13480	1	70038	10	70053	1	-1	-1	1
312		职业橙套天山鞋子(100)9阶	天山融雪靴·9阶	xiezi08	4	100	-1	13500	10000	40	13490	1	70038	12	70053	1	-1	-1	1
313		职业橙套天山鞋子(100)10阶	天山融雪靴·10阶	xiezi08	4	100	-1	13510	10000	40	13500	1	70038	15	70053	1	-1	-1	1
314		职业橙套天山手腕(80)1阶	天山无相腕·1阶	shoutao08	4	80	-1	13518	8000	40	43508	1	70036	3	70051	1	-1	-1	1
315		职业橙套天山手腕(90)1阶	天山同生腕·1阶	shoutao08	4	90	-1	13519	9000	40	43509	1	70037	3	70052	1	-1	-1	1
316		职业橙套天山手腕(100)1阶	天山融雪腕·1阶	shoutao08	4	100	-1	13520	10000	40	43510	1	70038	3	70053	1	-1	-1	1
317		职业橙套天山手腕(80)2阶	天山无相腕·2阶	shoutao08	4	80	-1	13528	8000	40	13518	1	70036	4	70051	1	-1	-1	1
318		职业橙套天山手腕(90)2阶	天山同生腕·2阶	shoutao08	4	90	-1	13529	9000	40	13519	1	70037	4	70052	1	-1	-1	1
319		职业橙套天山手腕(100)2阶	天山融雪腕·2阶	shoutao08	4	100	-1	13530	10000	40	13520	1	70038	4	70053	1	-1	-1	1
320		职业橙套天山手腕(80)3阶	天山无相腕·3阶	shoutao08	4	80	-1	13538	8000	40	13528	1	70036	5	70051	1	-1	-1	1
321		职业橙套天山手腕(90)3阶	天山同生腕·3阶	shoutao08	4	90	-1	13539	9000	40	13529	1	70037	5	70052	1	-1	-1	1
322		职业橙套天山手腕(100)3阶	天山融雪腕·3阶	shoutao08	4	100	-1	13540	10000	40	13530	1	70038	5	70053	1	-1	-1	1
323		职业橙套天山手腕(80)4阶	天山无相腕·4阶	shoutao08	4	80	-1	13548	8000	40	13538	1	70036	6	70051	1	-1	-1	1
324		职业橙套天山手腕(90)4阶	天山同生腕·4阶	shoutao08	4	90	-1	13549	9000	40	13539	1	70037	6	70052	1	-1	-1	1
325		职业橙套天山手腕(100)4阶	天山融雪腕·4阶	shoutao08	4	100	-1	13550	10000	40	13540	1	70038	6	70053	1	-1	-1	1
326		职业橙套天山手腕(80)5阶	天山无相腕·5阶	shoutao08	4	80	-1	13558	8000	40	13548	1	70036	7	70051	1	-1	-1	1
327		职业橙套天山手腕(90)5阶	天山同生腕·5阶	shoutao08	4	90	-1	13559	9000	40	13549	1	70037	7	70052	1	-1	-1	1
328		职业橙套天山手腕(100)5阶	天山融雪腕·5阶	shoutao08	4	100	-1	13560	10000	40	13550	1	70038	7	70053	1	-1	-1	1
329		职业橙套天山手腕(100)6阶	天山融雪腕·6阶	shoutao08	4	100	-1	13570	10000	40	13560	1	70038	8	70053	1	-1	-1	1
330		职业橙套天山手腕(100)7阶	天山融雪腕·7阶	shoutao08	4	100	-1	13580	10000	40	13570	1	70038	9	70053	1	-1	-1	1
331		职业橙套天山手腕(100)8阶	天山融雪腕·8阶	shoutao08	4	100	-1	13590	10000	40	13580	1	70038	10	70053	1	-1	-1	1
332		职业橙套天山手腕(100)9阶	天山融雪腕·9阶	shoutao08	4	100	-1	13600	10000	40	13590	1	70038	12	70053	1	-1	-1	1
333		职业橙套天山手腕(100)10阶	天山融雪腕·10阶	shoutao08	4	100	-1	13610	10000	40	13600	1	70038	15	70053	1	-1	-1	1
334		职业橙套天山饰品1(80)1阶	天山无相坠·1阶	shipin08	4	80	-1	13718	8000	40	43708	1	70036	3	70051	1	-1	-1	1
335		职业橙套天山饰品1(90)1阶	天山同生坠·1阶	shipin08	4	90	-1	13719	9000	40	43709	1	70037	3	70052	1	-1	-1	1
336		职业橙套天山饰品1(100)1阶	天山融雪坠·1阶	shipin08	4	100	-1	13720	10000	40	43710	1	70038	3	70053	1	-1	-1	1
337		VIP天山饰品1(90)1阶	天山降龙坠·1阶	shipin08	4	90	-1	13721	9000	40	59036	1	70037	3	70052	1	-1	-1	1
338		职业橙套天山饰品1(80)2阶	天山无相坠·2阶	shipin08	4	80	-1	13728	8000	40	13718	1	70036	4	70051	1	-1	-1	1
339		职业橙套天山饰品1(90)2阶	天山同生坠·2阶	shipin08	4	90	-1	13729	9000	40	13719	1	70037	4	70052	1	-1	-1	1
340		职业橙套天山饰品1(100)2阶	天山融雪坠·2阶	shipin08	4	100	-1	13730	10000	40	13720	1	70038	4	70053	1	-1	-1	1
341		VIP天山饰品1(90)2阶	天山降龙坠·2阶	shipin08	4	90	-1	13731	9000	40	13721	1	70037	4	70052	1	-1	-1	1
342		职业橙套天山饰品1(80)3阶	天山无相坠·3阶	shipin08	4	80	-1	13738	8000	40	13728	1	70036	5	70051	1	-1	-1	1
343		职业橙套天山饰品1(90)3阶	天山同生坠·3阶	shipin08	4	90	-1	13739	9000	40	13729	1	70037	5	70052	1	-1	-1	1
344		职业橙套天山饰品1(100)3阶	天山融雪坠·3阶	shipin08	4	100	-1	13740	10000	40	13730	1	70038	5	70053	1	-1	-1	1
345		VIP天山饰品1(90)3阶	天山降龙坠·3阶	shipin08	4	90	-1	13741	9000	40	13731	1	70037	5	70052	1	-1	-1	1
346		职业橙套天山饰品1(80)4阶	天山无相坠·4阶	shipin08	4	80	-1	13748	8000	40	13738	1	70036	6	70051	1	-1	-1	1
347		职业橙套天山饰品1(90)4阶	天山同生坠·4阶	shipin08	4	90	-1	13749	9000	40	13739	1	70037	6	70052	1	-1	-1	1
348		职业橙套天山饰品1(100)4阶	天山融雪坠·4阶	shipin08	4	100	-1	13750	10000	40	13740	1	70038	6	70053	1	-1	-1	1
349		VIP天山饰品1(90)4阶	天山降龙坠·4阶	shipin08	4	90	-1	13751	9000	40	13741	1	70037	6	70052	1	-1	-1	1
350		职业橙套天山饰品1(80)5阶	天山无相坠·5阶	shipin08	4	80	-1	13758	8000	40	13748	1	70036	7	70051	1	-1	-1	1
351		职业橙套天山饰品1(90)5阶	天山同生坠·5阶	shipin08	4	90	-1	13759	9000	40	13749	1	70037	7	70052	1	-1	-1	1
352		职业橙套天山饰品1(100)5阶	天山融雪坠·5阶	shipin08	4	100	-1	13760	10000	40	13750	1	70038	7	70053	1	-1	-1	1
353		VIP天山饰品1(90)5阶	天山降龙坠·5阶	shipin08	4	90	-1	13761	9000	40	13751	1	70037	7	70052	1	-1	-1	1
354		职业橙套天山饰品1(100)6阶	天山融雪坠·6阶	shipin08	4	100	-1	13770	10000	40	13760	1	70038	8	70053	1	-1	-1	1
355		职业橙套天山饰品1(100)7阶	天山融雪坠·7阶	shipin08	4	100	-1	13780	10000	40	13770	1	70038	9	70053	1	-1	-1	1
356		职业橙套天山饰品1(100)8阶	天山融雪坠·8阶	shipin08	4	100	-1	13790	10000	40	13780	1	70038	10	70053	1	-1	-1	1
357		职业橙套天山饰品1(100)9阶	天山融雪坠·9阶	shipin08	4	100	-1	13800	10000	40	13790	1	70038	12	70053	1	-1	-1	1
358		职业橙套天山饰品1(100)10阶	天山融雪坠·10阶	shipin08	4	100	-1	13810	10000	40	13800	1	70038	15	70053	1	-1	-1	1
359		职业橙套逍遥头部(80)1阶	逍遥八荒帽·1阶	maozi08	4	80	-1	14118	8000	40	44108	1	70036	3	70051	1	-1	-1	1
360		职业橙套逍遥头部(90)1阶	逍遥六合帽·1阶	maozi08	4	90	-1	14119	9000	40	44109	1	70037	3	70052	1	-1	-1	1
361		职业橙套逍遥头部(100)1阶	逍遥纯阳帽·1阶	maozi08	4	100	-1	14120	10000	40	44110	1	70038	3	70053	1	-1	-1	1
362		职业橙套逍遥头部(80)2阶	逍遥八荒帽·2阶	maozi08	4	80	-1	14128	8000	40	14118	1	70036	4	70051	1	-1	-1	1
363		职业橙套逍遥头部(90)2阶	逍遥六合帽·2阶	maozi08	4	90	-1	14129	9000	40	14119	1	70037	4	70052	1	-1	-1	1
364		职业橙套逍遥头部(100)2阶	逍遥纯阳帽·2阶	maozi08	4	100	-1	14130	10000	40	14120	1	70038	4	70053	1	-1	-1	1
365		职业橙套逍遥头部(80)3阶	逍遥八荒帽·3阶	maozi08	4	80	-1	14138	8000	40	14128	1	70036	5	70051	1	-1	-1	1
366		职业橙套逍遥头部(90)3阶	逍遥六合帽·3阶	maozi08	4	90	-1	14139	9000	40	14129	1	70037	5	70052	1	-1	-1	1
367		职业橙套逍遥头部(100)3阶	逍遥纯阳帽·3阶	maozi08	4	100	-1	14140	10000	40	14130	1	70038	5	70053	1	-1	-1	1
368		职业橙套逍遥头部(80)4阶	逍遥八荒帽·4阶	maozi08	4	80	-1	14148	8000	40	14138	1	70036	6	70051	1	-1	-1	1
369		职业橙套逍遥头部(90)4阶	逍遥六合帽·4阶	maozi08	4	90	-1	14149	9000	40	14139	1	70037	6	70052	1	-1	-1	1
370		职业橙套逍遥头部(100)4阶	逍遥纯阳帽·4阶	maozi08	4	100	-1	14150	10000	40	14140	1	70038	6	70053	1	-1	-1	1
371		职业橙套逍遥头部(80)5阶	逍遥八荒帽·5阶	maozi08	4	80	-1	14158	8000	40	14148	1	70036	7	70051	1	-1	-1	1
372		职业橙套逍遥头部(90)5阶	逍遥六合帽·5阶	maozi08	4	90	-1	14159	9000	40	14149	1	70037	7	70052	1	-1	-1	1
373		职业橙套逍遥头部(100)5阶	逍遥纯阳帽·5阶	maozi08	4	100	-1	14160	10000	40	14150	1	70038	7	70053	1	-1	-1	1
374		职业橙套逍遥头部(100)6阶	逍遥纯阳帽·6阶	maozi08	4	100	-1	14170	10000	40	14160	1	70038	8	70053	1	-1	-1	1
375		职业橙套逍遥头部(100)7阶	逍遥纯阳帽·7阶	maozi08	4	100	-1	14180	10000	40	14170	1	70038	9	70053	1	-1	-1	1
376		职业橙套逍遥头部(100)8阶	逍遥纯阳帽·8阶	maozi08	4	100	-1	14190	10000	40	14180	1	70038	10	70053	1	-1	-1	1
377		职业橙套逍遥头部(100)9阶	逍遥纯阳帽·9阶	maozi08	4	100	-1	14200	10000	40	14190	1	70038	12	70053	1	-1	-1	1
378		职业橙套逍遥头部(100)10阶	逍遥纯阳帽·10阶	maozi08	4	100	-1	14210	10000	40	14200	1	70038	15	70053	1	-1	-1	1
379		职业橙套逍遥上衣(80)1阶	逍遥八荒衣·1阶	muxuetao	4	80	-1	14218	8000	40	44208	1	70036	3	70051	1	-1	-1	1
380		职业橙套逍遥上衣(90)1阶	逍遥六合衣·1阶	xiaoyao90	4	90	-1	14219	9000	40	44209	1	70037	3	70052	1	-1	-1	1
381		职业橙套逍遥上衣(100)1阶	逍遥纯阳衣·1阶	xiaoyao100	4	100	-1	14220	10000	40	44210	1	70038	3	70053	1	-1	-1	1
382		VIP逍遥上衣(90)1阶	逍遥降龙衣·1阶	shangyi_xiaoyao_10	4	90	-1	14221	9000	40	59019	1	70037	3	70052	1	-1	-1	1
383		职业橙套逍遥上衣(80)2阶	逍遥八荒衣·2阶	muxuetao	4	80	-1	14228	8000	40	14218	1	70036	4	70051	1	-1	-1	1
384		职业橙套逍遥上衣(90)2阶	逍遥六合衣·2阶	xiaoyao90	4	90	-1	14229	9000	40	14219	1	70037	4	70052	1	-1	-1	1
385		职业橙套逍遥上衣(100)2阶	逍遥纯阳衣·2阶	xiaoyao100	4	100	-1	14230	10000	40	14220	1	70038	4	70053	1	-1	-1	1
386		VIP逍遥上衣(90)2阶	逍遥降龙衣·2阶	shangyi_xiaoyao_10	4	90	-1	14231	9000	40	14221	1	70037	4	70052	1	-1	-1	1
387		职业橙套逍遥上衣(80)3阶	逍遥八荒衣·3阶	muxuetao	4	80	-1	14238	8000	40	14228	1	70036	5	70051	1	-1	-1	1
388		职业橙套逍遥上衣(90)3阶	逍遥六合衣·3阶	xiaoyao90	4	90	-1	14239	9000	40	14229	1	70037	5	70052	1	-1	-1	1
389		职业橙套逍遥上衣(100)3阶	逍遥纯阳衣·3阶	xiaoyao100	4	100	-1	14240	10000	40	14230	1	70038	5	70053	1	-1	-1	1
390		VIP逍遥上衣(90)3阶	逍遥降龙衣·3阶	shangyi_xiaoyao_10	4	90	-1	14241	9000	40	14231	1	70037	5	70052	1	-1	-1	1
391		职业橙套逍遥上衣(80)4阶	逍遥八荒衣·4阶	muxuetao	4	80	-1	14248	8000	40	14238	1	70036	6	70051	1	-1	-1	1
392		职业橙套逍遥上衣(90)4阶	逍遥六合衣·4阶	xiaoyao90	4	90	-1	14249	9000	40	14239	1	70037	6	70052	1	-1	-1	1
393		职业橙套逍遥上衣(100)4阶	逍遥纯阳衣·4阶	xiaoyao100	4	100	-1	14250	10000	40	14240	1	70038	6	70053	1	-1	-1	1
394		VIP逍遥上衣(90)4阶	逍遥降龙衣·4阶	shangyi_xiaoyao_10	4	90	-1	14251	9000	40	14241	1	70037	6	70052	1	-1	-1	1
395		职业橙套逍遥上衣(80)5阶	逍遥八荒衣·5阶	muxuetao	4	80	-1	14258	8000	40	14248	1	70036	7	70051	1	-1	-1	1
396		职业橙套逍遥上衣(90)5阶	逍遥六合衣·5阶	xiaoyao90	4	90	-1	14259	9000	40	14249	1	70037	7	70052	1	-1	-1	1
397		职业橙套逍遥上衣(100)5阶	逍遥纯阳衣·5阶	xiaoyao100	4	100	-1	14260	10000	40	14250	1	70038	7	70053	1	-1	-1	1
398		VIP逍遥上衣(90)5阶	逍遥降龙衣·5阶	shangyi_xiaoyao_10	4	90	-1	14261	9000	40	14251	1	70037	7	70052	1	-1	-1	1
399		职业橙套逍遥上衣(100)6阶	逍遥纯阳衣·6阶	xiaoyao100	4	100	-1	14270	10000	40	14260	1	70038	8	70053	1	-1	-1	1
400		职业橙套逍遥上衣(100)7阶	逍遥纯阳衣·7阶	xiaoyao100	4	100	-1	14280	10000	40	14270	1	70038	9	70053	1	-1	-1	1
401		职业橙套逍遥上衣(100)8阶	逍遥纯阳衣·8阶	xiaoyao100	4	100	-1	14290	10000	40	14280	1	70038	10	70053	1	-1	-1	1
402		职业橙套逍遥上衣(100)9阶	逍遥纯阳衣·9阶	xiaoyao100	4	100	-1	14300	10000	40	14290	1	70038	12	70053	1	-1	-1	1
403		职业橙套逍遥上衣(100)10阶	逍遥纯阳衣·10阶	xiaoyao100	4	100	-1	14310	10000	40	14300	1	70038	15	70053	1	-1	-1	1
404		职业橙套逍遥下衣(80)1阶	逍遥八荒裤·1阶	kuzi08	4	80	-1	14318	8000	40	44308	1	70036	3	70051	1	-1	-1	1
405		职业橙套逍遥下衣(90)1阶	逍遥六合裤·1阶	kuzi08	4	90	-1	14319	9000	40	44309	1	70037	3	70052	1	-1	-1	1
406		职业橙套逍遥下衣(100)1阶	逍遥纯阳裤·1阶	kuzi08	4	100	-1	14320	10000	40	44310	1	70038	3	70053	1	-1	-1	1
407		VIP逍遥下衣(90)1阶	逍遥降龙裤·1阶	kuzi08	4	90	-1	14321	9000	40	59033	1	70037	3	70052	1	-1	-1	1
408		职业橙套逍遥下衣(80)2阶	逍遥八荒裤·2阶	kuzi08	4	80	-1	14328	8000	40	14318	1	70036	4	70051	1	-1	-1	1
409		职业橙套逍遥下衣(90)2阶	逍遥六合裤·2阶	kuzi08	4	90	-1	14329	9000	40	14319	1	70037	4	70052	1	-1	-1	1
410		职业橙套逍遥下衣(100)2阶	逍遥纯阳裤·2阶	kuzi08	4	100	-1	14330	10000	40	14320	1	70038	4	70053	1	-1	-1	1
411		VIP逍遥下衣(90)2阶	逍遥降龙裤·2阶	kuzi08	4	90	-1	14331	9000	40	14321	1	70037	4	70052	1	-1	-1	1
412		职业橙套逍遥下衣(80)3阶	逍遥八荒裤·3阶	kuzi08	4	80	-1	14338	8000	40	14328	1	70036	5	70051	1	-1	-1	1
413		职业橙套逍遥下衣(90)3阶	逍遥六合裤·3阶	kuzi08	4	90	-1	14339	9000	40	14329	1	70037	5	70052	1	-1	-1	1
414		职业橙套逍遥下衣(100)3阶	逍遥纯阳裤·3阶	kuzi08	4	100	-1	14340	10000	40	14330	1	70038	5	70053	1	-1	-1	1
415		VIP逍遥下衣(90)3阶	逍遥降龙裤·3阶	kuzi08	4	90	-1	14341	9000	40	14331	1	70037	5	70052	1	-1	-1	1
416		职业橙套逍遥下衣(80)4阶	逍遥八荒裤·4阶	kuzi08	4	80	-1	14348	8000	40	14338	1	70036	6	70051	1	-1	-1	1
417		职业橙套逍遥下衣(90)4阶	逍遥六合裤·4阶	kuzi08	4	90	-1	14349	9000	40	14339	1	70037	6	70052	1	-1	-1	1
418		职业橙套逍遥下衣(100)4阶	逍遥纯阳裤·4阶	kuzi08	4	100	-1	14350	10000	40	14340	1	70038	6	70053	1	-1	-1	1
419		VIP逍遥下衣(90)4阶	逍遥降龙裤·4阶	kuzi08	4	90	-1	14351	9000	40	14341	1	70037	6	70052	1	-1	-1	1
420		职业橙套逍遥下衣(80)5阶	逍遥八荒裤·5阶	kuzi08	4	80	-1	14358	8000	40	14348	1	70036	7	70051	1	-1	-1	1
421		职业橙套逍遥下衣(90)5阶	逍遥六合裤·5阶	kuzi08	4	90	-1	14359	9000	40	14349	1	70037	7	70052	1	-1	-1	1
422		职业橙套逍遥下衣(100)5阶	逍遥纯阳裤·5阶	kuzi08	4	100	-1	14360	10000	40	14350	1	70038	7	70053	1	-1	-1	1
423		VIP逍遥下衣(90)5阶	逍遥降龙裤·5阶	kuzi08	4	90	-1	14361	9000	40	14351	1	70037	7	70052	1	-1	-1	1
424		职业橙套逍遥下衣(100)6阶	逍遥纯阳裤·6阶	kuzi08	4	100	-1	14370	10000	40	14360	1	70038	8	70053	1	-1	-1	1
425		职业橙套逍遥下衣(100)7阶	逍遥纯阳裤·7阶	kuzi08	4	100	-1	14380	10000	40	14370	1	70038	9	70053	1	-1	-1	1
426		职业橙套逍遥下衣(100)8阶	逍遥纯阳裤·8阶	kuzi08	4	100	-1	14390	10000	40	14380	1	70038	10	70053	1	-1	-1	1
427		职业橙套逍遥下衣(100)9阶	逍遥纯阳裤·9阶	kuzi08	4	100	-1	14400	10000	40	14390	1	70038	12	70053	1	-1	-1	1
428		职业橙套逍遥下衣(100)10阶	逍遥纯阳裤·10阶	kuzi08	4	100	-1	14410	10000	40	14400	1	70038	15	70053	1	-1	-1	1
429		职业橙套逍遥鞋子(80)1阶	逍遥八荒靴·1阶	xiezi08	4	80	-1	14418	8000	40	44408	1	70036	3	70051	1	-1	-1	1
430		职业橙套逍遥鞋子(90)1阶	逍遥六合靴·1阶	xiezi08	4	90	-1	14419	9000	40	44409	1	70037	3	70052	1	-1	-1	1
431		职业橙套逍遥鞋子(100)1阶	逍遥纯阳靴·1阶	xiezi08	4	100	-1	14420	10000	40	44410	1	70038	3	70053	1	-1	-1	1
432		职业橙套逍遥鞋子(80)2阶	逍遥八荒靴·2阶	xiezi08	4	80	-1	14428	8000	40	14418	1	70036	4	70051	1	-1	-1	1
433		职业橙套逍遥鞋子(90)2阶	逍遥六合靴·2阶	xiezi08	4	90	-1	14429	9000	40	14419	1	70037	4	70052	1	-1	-1	1
434		职业橙套逍遥鞋子(100)2阶	逍遥纯阳靴·2阶	xiezi08	4	100	-1	14430	10000	40	14420	1	70038	4	70053	1	-1	-1	1
435		职业橙套逍遥鞋子(80)3阶	逍遥八荒靴·3阶	xiezi08	4	80	-1	14438	8000	40	14428	1	70036	5	70051	1	-1	-1	1
436		职业橙套逍遥鞋子(90)3阶	逍遥六合靴·3阶	xiezi08	4	90	-1	14439	9000	40	14429	1	70037	5	70052	1	-1	-1	1
437		职业橙套逍遥鞋子(100)3阶	逍遥纯阳靴·3阶	xiezi08	4	100	-1	14440	10000	40	14430	1	70038	5	70053	1	-1	-1	1
438		职业橙套逍遥鞋子(80)4阶	逍遥八荒靴·4阶	xiezi08	4	80	-1	14448	8000	40	14438	1	70036	6	70051	1	-1	-1	1
439		职业橙套逍遥鞋子(90)4阶	逍遥六合靴·4阶	xiezi08	4	90	-1	14449	9000	40	14439	1	70037	6	70052	1	-1	-1	1
440		职业橙套逍遥鞋子(100)4阶	逍遥纯阳靴·4阶	xiezi08	4	100	-1	14450	10000	40	14440	1	70038	6	70053	1	-1	-1	1
441		职业橙套逍遥鞋子(80)5阶	逍遥八荒靴·5阶	xiezi08	4	80	-1	14458	8000	40	14448	1	70036	7	70051	1	-1	-1	1
442		职业橙套逍遥鞋子(90)5阶	逍遥六合靴·5阶	xiezi08	4	90	-1	14459	9000	40	14449	1	70037	7	70052	1	-1	-1	1
443		职业橙套逍遥鞋子(100)5阶	逍遥纯阳靴·5阶	xiezi08	4	100	-1	14460	10000	40	14450	1	70038	7	70053	1	-1	-1	1
444		职业橙套逍遥鞋子(100)6阶	逍遥纯阳靴·6阶	xiezi08	4	100	-1	14470	10000	40	14460	1	70038	8	70053	1	-1	-1	1
445		职业橙套逍遥鞋子(100)7阶	逍遥纯阳靴·7阶	xiezi08	4	100	-1	14480	10000	40	14470	1	70038	9	70053	1	-1	-1	1
446		职业橙套逍遥鞋子(100)8阶	逍遥纯阳靴·8阶	xiezi08	4	100	-1	14490	10000	40	14480	1	70038	10	70053	1	-1	-1	1
447		职业橙套逍遥鞋子(100)9阶	逍遥纯阳靴·9阶	xiezi08	4	100	-1	14500	10000	40	14490	1	70038	12	70053	1	-1	-1	1
448		职业橙套逍遥鞋子(100)10阶	逍遥纯阳靴·10阶	xiezi08	4	100	-1	14510	10000	40	14500	1	70038	15	70053	1	-1	-1	1
449		职业橙套逍遥手腕(80)1阶	逍遥八荒腕·1阶	shoutao08	4	80	-1	14518	8000	40	44508	1	70036	3	70051	1	-1	-1	1
450		职业橙套逍遥手腕(90)1阶	逍遥六合腕·1阶	shoutao08	4	90	-1	14519	9000	40	44509	1	70037	3	70052	1	-1	-1	1
451		职业橙套逍遥手腕(100)1阶	逍遥纯阳腕·1阶	shoutao08	4	100	-1	14520	10000	40	44510	1	70038	3	70053	1	-1	-1	1
452		职业橙套逍遥手腕(80)2阶	逍遥八荒腕·2阶	shoutao08	4	80	-1	14528	8000	40	14518	1	70036	4	70051	1	-1	-1	1
453		职业橙套逍遥手腕(90)2阶	逍遥六合腕·2阶	shoutao08	4	90	-1	14529	9000	40	14519	1	70037	4	70052	1	-1	-1	1
454		职业橙套逍遥手腕(100)2阶	逍遥纯阳腕·2阶	shoutao08	4	100	-1	14530	10000	40	14520	1	70038	4	70053	1	-1	-1	1
455		职业橙套逍遥手腕(80)3阶	逍遥八荒腕·3阶	shoutao08	4	80	-1	14538	8000	40	14528	1	70036	5	70051	1	-1	-1	1
456		职业橙套逍遥手腕(90)3阶	逍遥六合腕·3阶	shoutao08	4	90	-1	14539	9000	40	14529	1	70037	5	70052	1	-1	-1	1
457		职业橙套逍遥手腕(100)3阶	逍遥纯阳腕·3阶	shoutao08	4	100	-1	14540	10000	40	14530	1	70038	5	70053	1	-1	-1	1
458		职业橙套逍遥手腕(80)4阶	逍遥八荒腕·4阶	shoutao08	4	80	-1	14548	8000	40	14538	1	70036	6	70051	1	-1	-1	1
459		职业橙套逍遥手腕(90)4阶	逍遥六合腕·4阶	shoutao08	4	90	-1	14549	9000	40	14539	1	70037	6	70052	1	-1	-1	1
460		职业橙套逍遥手腕(100)4阶	逍遥纯阳腕·4阶	shoutao08	4	100	-1	14550	10000	40	14540	1	70038	6	70053	1	-1	-1	1
461		职业橙套逍遥手腕(80)5阶	逍遥八荒腕·5阶	shoutao08	4	80	-1	14558	8000	40	14548	1	70036	7	70051	1	-1	-1	1
462		职业橙套逍遥手腕(90)5阶	逍遥六合腕·5阶	shoutao08	4	90	-1	14559	9000	40	14549	1	70037	7	70052	1	-1	-1	1
463		职业橙套逍遥手腕(100)5阶	逍遥纯阳腕·5阶	shoutao08	4	100	-1	14560	10000	40	14550	1	70038	7	70053	1	-1	-1	1
464		职业橙套逍遥手腕(100)6阶	逍遥纯阳腕·6阶	shoutao08	4	100	-1	14570	10000	40	14560	1	70038	8	70053	1	-1	-1	1
465		职业橙套逍遥手腕(100)7阶	逍遥纯阳腕·7阶	shoutao08	4	100	-1	14580	10000	40	14570	1	70038	9	70053	1	-1	-1	1
466		职业橙套逍遥手腕(100)8阶	逍遥纯阳腕·8阶	shoutao08	4	100	-1	14590	10000	40	14580	1	70038	10	70053	1	-1	-1	1
467		职业橙套逍遥手腕(100)9阶	逍遥纯阳腕·9阶	shoutao08	4	100	-1	14600	10000	40	14590	1	70038	12	70053	1	-1	-1	1
468		职业橙套逍遥手腕(100)10阶	逍遥纯阳腕·10阶	shoutao08	4	100	-1	14610	10000	40	14600	1	70038	15	70053	1	-1	-1	1
469		职业橙套逍遥饰品1(80)1阶	逍遥八荒坠·1阶	shipin08	4	80	-1	14718	8000	40	44708	1	70036	3	70051	1	-1	-1	1
470		职业橙套逍遥饰品1(90)1阶	逍遥六合坠·1阶	shipin08	4	90	-1	14719	9000	40	44709	1	70037	3	70052	1	-1	-1	1
471		职业橙套逍遥饰品1(100)1阶	逍遥纯阳坠·1阶	shipin08	4	100	-1	14720	10000	40	44710	1	70038	3	70053	1	-1	-1	1
472		VIP逍遥饰品1(90)1阶	逍遥降龙坠·1阶	shipin08	4	90	-1	14721	9000	40	59037	1	70037	3	70052	1	-1	-1	1
473		职业橙套逍遥饰品1(80)2阶	逍遥八荒坠·2阶	shipin08	4	80	-1	14728	8000	40	14718	1	70036	4	70051	1	-1	-1	1
474		职业橙套逍遥饰品1(90)2阶	逍遥六合坠·2阶	shipin08	4	90	-1	14729	9000	40	14719	1	70037	4	70052	1	-1	-1	1
475		职业橙套逍遥饰品1(100)2阶	逍遥纯阳坠·2阶	shipin08	4	100	-1	14730	10000	40	14720	1	70038	4	70053	1	-1	-1	1
476		VIP逍遥饰品1(90)2阶	逍遥降龙坠·2阶	shipin08	4	90	-1	14731	9000	40	14721	1	70037	4	70052	1	-1	-1	1
477		职业橙套逍遥饰品1(80)3阶	逍遥八荒坠·3阶	shipin08	4	80	-1	14738	8000	40	14728	1	70036	5	70051	1	-1	-1	1
478		职业橙套逍遥饰品1(90)3阶	逍遥六合坠·3阶	shipin08	4	90	-1	14739	9000	40	14729	1	70037	5	70052	1	-1	-1	1
479		职业橙套逍遥饰品1(100)3阶	逍遥纯阳坠·3阶	shipin08	4	100	-1	14740	10000	40	14730	1	70038	5	70053	1	-1	-1	1
480		VIP逍遥饰品1(90)3阶	逍遥降龙坠·3阶	shipin08	4	90	-1	14741	9000	40	14731	1	70037	5	70052	1	-1	-1	1
481		职业橙套逍遥饰品1(80)4阶	逍遥八荒坠·4阶	shipin08	4	80	-1	14748	8000	40	14738	1	70036	6	70051	1	-1	-1	1
482		职业橙套逍遥饰品1(90)4阶	逍遥六合坠·4阶	shipin08	4	90	-1	14749	9000	40	14739	1	70037	6	70052	1	-1	-1	1
483		职业橙套逍遥饰品1(100)4阶	逍遥纯阳坠·4阶	shipin08	4	100	-1	14750	10000	40	14740	1	70038	6	70053	1	-1	-1	1
484		VIP逍遥饰品1(90)4阶	逍遥降龙坠·4阶	shipin08	4	90	-1	14751	9000	40	14741	1	70037	6	70052	1	-1	-1	1
485		职业橙套逍遥饰品1(80)5阶	逍遥八荒坠·5阶	shipin08	4	80	-1	14758	8000	40	14748	1	70036	7	70051	1	-1	-1	1
486		职业橙套逍遥饰品1(90)5阶	逍遥六合坠·5阶	shipin08	4	90	-1	14759	9000	40	14749	1	70037	7	70052	1	-1	-1	1
487		职业橙套逍遥饰品1(100)5阶	逍遥纯阳坠·5阶	shipin08	4	100	-1	14760	10000	40	14750	1	70038	7	70053	1	-1	-1	1
488		VIP逍遥饰品1(90)5阶	逍遥降龙坠·5阶	shipin08	4	90	-1	14761	9000	40	14751	1	70037	7	70052	1	-1	-1	1
489		职业橙套逍遥饰品1(100)6阶	逍遥纯阳坠·6阶	shipin08	4	100	-1	14770	10000	40	14760	1	70038	8	70053	1	-1	-1	1
490		职业橙套逍遥饰品1(100)7阶	逍遥纯阳坠·7阶	shipin08	4	100	-1	14780	10000	40	14770	1	70038	9	70053	1	-1	-1	1
491		职业橙套逍遥饰品1(100)8阶	逍遥纯阳坠·8阶	shipin08	4	100	-1	14790	10000	40	14780	1	70038	10	70053	1	-1	-1	1
492		职业橙套逍遥饰品1(100)9阶	逍遥纯阳坠·9阶	shipin08	4	100	-1	14800	10000	40	14790	1	70038	12	70053	1	-1	-1	1
493		职业橙套逍遥饰品1(100)10阶	逍遥纯阳坠·10阶	shipin08	4	100	-1	14810	10000	40	14800	1	70038	15	70053	1	-1	-1	1
494		职业橙套大理头部(80)1阶	大理龙渊帽·1阶	maozi08	4	80	-1	15118	8000	40	45108	1	70036	3	70051	1	-1	-1	1
495		职业橙套大理头部(90)1阶	大理轩辕帽·1阶	maozi08	4	90	-1	15119	9000	40	45109	1	70037	3	70052	1	-1	-1	1
496		职业橙套大理头部(100)1阶	大理神女帽·1阶	maozi08	4	100	-1	15120	10000	40	45110	1	70038	3	70053	1	-1	-1	1
497		职业橙套大理头部(80)2阶	大理龙渊帽·2阶	maozi08	4	80	-1	15128	8000	40	15118	1	70036	4	70051	1	-1	-1	1
498		职业橙套大理头部(90)2阶	大理轩辕帽·2阶	maozi08	4	90	-1	15129	9000	40	15119	1	70037	4	70052	1	-1	-1	1
499		职业橙套大理头部(100)2阶	大理神女帽·2阶	maozi08	4	100	-1	15130	10000	40	15120	1	70038	4	70053	1	-1	-1	1
500		职业橙套大理头部(80)3阶	大理龙渊帽·3阶	maozi08	4	80	-1	15138	8000	40	15128	1	70036	5	70051	1	-1	-1	1
501		职业橙套大理头部(90)3阶	大理轩辕帽·3阶	maozi08	4	90	-1	15139	9000	40	15129	1	70037	5	70052	1	-1	-1	1
502		职业橙套大理头部(100)3阶	大理神女帽·3阶	maozi08	4	100	-1	15140	10000	40	15130	1	70038	5	70053	1	-1	-1	1
503		职业橙套大理头部(80)4阶	大理龙渊帽·4阶	maozi08	4	80	-1	15148	8000	40	15138	1	70036	6	70051	1	-1	-1	1
504		职业橙套大理头部(90)4阶	大理轩辕帽·4阶	maozi08	4	90	-1	15149	9000	40	15139	1	70037	6	70052	1	-1	-1	1
505		职业橙套大理头部(100)4阶	大理神女帽·4阶	maozi08	4	100	-1	15150	10000	40	15140	1	70038	6	70053	1	-1	-1	1
506		职业橙套大理头部(80)5阶	大理龙渊帽·5阶	maozi08	4	80	-1	15158	8000	40	15148	1	70036	7	70051	1	-1	-1	1
507		职业橙套大理头部(90)5阶	大理轩辕帽·5阶	maozi08	4	90	-1	15159	9000	40	15149	1	70037	7	70052	1	-1	-1	1
508		职业橙套大理头部(100)5阶	大理神女帽·5阶	maozi08	4	100	-1	15160	10000	40	15150	1	70038	7	70053	1	-1	-1	1
509		职业橙套大理头部(100)6阶	大理神女帽·6阶	maozi08	4	100	-1	15170	10000	40	15160	1	70038	8	70053	1	-1	-1	1
510		职业橙套大理头部(100)7阶	大理神女帽·7阶	maozi08	4	100	-1	15180	10000	40	15170	1	70038	9	70053	1	-1	-1	1
511		职业橙套大理头部(100)8阶	大理神女帽·8阶	maozi08	4	100	-1	15190	10000	40	15180	1	70038	10	70053	1	-1	-1	1
512		职业橙套大理头部(100)9阶	大理神女帽·9阶	maozi08	4	100	-1	15200	10000	40	15190	1	70038	12	70053	1	-1	-1	1
513		职业橙套大理头部(100)10阶	大理神女帽·10阶	maozi08	4	100	-1	15210	10000	40	15200	1	70038	15	70053	1	-1	-1	1
514		职业橙套大理上衣(80)1阶	大理龙渊衣·1阶	panlongtao	4	80	-1	15218	8000	40	45208	1	70036	3	70051	1	-1	-1	1
515		职业橙套大理上衣(90)1阶	大理轩辕衣·1阶	dali90	4	90	-1	15219	9000	40	45209	1	70037	3	70052	1	-1	-1	1
516		职业橙套大理上衣(100)1阶	大理神女衣·1阶	dali100	4	100	-1	15220	10000	40	45210	1	70038	3	70053	1	-1	-1	1
517		VIP大理上衣(90)1阶	大理降龙衣·1阶	panlongtao	4	90	-1	15221	9000	40	59020	1	70037	3	70052	1	-1	-1	1
518		职业橙套大理上衣(80)2阶	大理龙渊衣·2阶	panlongtao	4	80	-1	15228	8000	40	15218	1	70036	4	70051	1	-1	-1	1
519		职业橙套大理上衣(90)2阶	大理轩辕衣·2阶	dali90	4	90	-1	15229	9000	40	15219	1	70037	4	70052	1	-1	-1	1
520		职业橙套大理上衣(100)2阶	大理神女衣·2阶	dali100	4	100	-1	15230	10000	40	15220	1	70038	4	70053	1	-1	-1	1
521		VIP大理上衣(90)2阶	大理降龙衣·2阶	panlongtao	4	90	-1	15231	9000	40	15221	1	70037	4	70052	1	-1	-1	1
522		职业橙套大理上衣(80)3阶	大理龙渊衣·3阶	panlongtao	4	80	-1	15238	8000	40	15228	1	70036	5	70051	1	-1	-1	1
523		职业橙套大理上衣(90)3阶	大理轩辕衣·3阶	dali90	4	90	-1	15239	9000	40	15229	1	70037	5	70052	1	-1	-1	1
524		职业橙套大理上衣(100)3阶	大理神女衣·3阶	dali100	4	100	-1	15240	10000	40	15230	1	70038	5	70053	1	-1	-1	1
525		VIP大理上衣(90)3阶	大理降龙衣·3阶	panlongtao	4	90	-1	15241	9000	40	15231	1	70037	5	70052	1	-1	-1	1
526		职业橙套大理上衣(80)4阶	大理龙渊衣·4阶	panlongtao	4	80	-1	15248	8000	40	15238	1	70036	6	70051	1	-1	-1	1
527		职业橙套大理上衣(90)4阶	大理轩辕衣·4阶	dali90	4	90	-1	15249	9000	40	15239	1	70037	6	70052	1	-1	-1	1
528		职业橙套大理上衣(100)4阶	大理神女衣·4阶	dali100	4	100	-1	15250	10000	40	15240	1	70038	6	70053	1	-1	-1	1
529		VIP大理上衣(90)4阶	大理降龙衣·4阶	panlongtao	4	90	-1	15251	9000	40	15241	1	70037	6	70052	1	-1	-1	1
530		职业橙套大理上衣(80)5阶	大理龙渊衣·5阶	panlongtao	4	80	-1	15258	8000	40	15248	1	70036	7	70051	1	-1	-1	1
531		职业橙套大理上衣(90)5阶	大理轩辕衣·5阶	dali90	4	90	-1	15259	9000	40	15249	1	70037	7	70052	1	-1	-1	1
532		职业橙套大理上衣(100)5阶	大理神女衣·5阶	dali100	4	100	-1	15260	10000	40	15250	1	70038	7	70053	1	-1	-1	1
533		VIP大理上衣(90)5阶	大理降龙衣·5阶	panlongtao	4	90	-1	15261	9000	40	15251	1	70037	7	70052	1	-1	-1	1
534		职业橙套大理上衣(100)6阶	大理神女衣·6阶	dali100	4	100	-1	15270	10000	40	15260	1	70038	8	70053	1	-1	-1	1
535		职业橙套大理上衣(100)7阶	大理神女衣·7阶	dali100	4	100	-1	15280	10000	40	15270	1	70038	9	70053	1	-1	-1	1
536		职业橙套大理上衣(100)8阶	大理神女衣·8阶	dali100	4	100	-1	15290	10000	40	15280	1	70038	10	70053	1	-1	-1	1
537		职业橙套大理上衣(100)9阶	大理神女衣·9阶	dali100	4	100	-1	15300	10000	40	15290	1	70038	12	70053	1	-1	-1	1
538		职业橙套大理上衣(100)10阶	大理神女衣·10阶	dali100	4	100	-1	15310	10000	40	15300	1	70038	15	70053	1	-1	-1	1
539		职业橙套大理下衣(80)1阶	大理龙渊裤·1阶	kuzi08	4	80	-1	15318	8000	40	45308	1	70036	3	70051	1	-1	-1	1
540		职业橙套大理下衣(90)1阶	大理轩辕裤·1阶	kuzi08	4	90	-1	15319	9000	40	45309	1	70037	3	70052	1	-1	-1	1
541		职业橙套大理下衣(100)1阶	大理神女裤·1阶	kuzi08	4	100	-1	15320	10000	40	45310	1	70038	3	70053	1	-1	-1	1
542		VIP大理下衣(90)1阶	大理降龙裤·1阶	kuzi08	4	90	-1	15321	9000	40	59034	1	70037	3	70052	1	-1	-1	1
543		职业橙套大理下衣(80)2阶	大理龙渊裤·2阶	kuzi08	4	80	-1	15328	8000	40	15318	1	70036	4	70051	1	-1	-1	1
544		职业橙套大理下衣(90)2阶	大理轩辕裤·2阶	kuzi08	4	90	-1	15329	9000	40	15319	1	70037	4	70052	1	-1	-1	1
545		职业橙套大理下衣(100)2阶	大理神女裤·2阶	kuzi08	4	100	-1	15330	10000	40	15320	1	70038	4	70053	1	-1	-1	1
546		VIP大理下衣(90)2阶	大理降龙裤·2阶	kuzi08	4	90	-1	15331	9000	40	15321	1	70037	4	70052	1	-1	-1	1
547		职业橙套大理下衣(80)3阶	大理龙渊裤·3阶	kuzi08	4	80	-1	15338	8000	40	15328	1	70036	5	70051	1	-1	-1	1
548		职业橙套大理下衣(90)3阶	大理轩辕裤·3阶	kuzi08	4	90	-1	15339	9000	40	15329	1	70037	5	70052	1	-1	-1	1
549		职业橙套大理下衣(100)3阶	大理神女裤·3阶	kuzi08	4	100	-1	15340	10000	40	15330	1	70038	5	70053	1	-1	-1	1
550		VIP大理下衣(90)3阶	大理降龙裤·3阶	kuzi08	4	90	-1	15341	9000	40	15331	1	70037	5	70052	1	-1	-1	1
551		职业橙套大理下衣(80)4阶	大理龙渊裤·4阶	kuzi08	4	80	-1	15348	8000	40	15338	1	70036	6	70051	1	-1	-1	1
552		职业橙套大理下衣(90)4阶	大理轩辕裤·4阶	kuzi08	4	90	-1	15349	9000	40	15339	1	70037	6	70052	1	-1	-1	1
553		职业橙套大理下衣(100)4阶	大理神女裤·4阶	kuzi08	4	100	-1	15350	10000	40	15340	1	70038	6	70053	1	-1	-1	1
554		VIP大理下衣(90)4阶	大理降龙裤·4阶	kuzi08	4	90	-1	15351	9000	40	15341	1	70037	6	70052	1	-1	-1	1
555		职业橙套大理下衣(80)5阶	大理龙渊裤·5阶	kuzi08	4	80	-1	15358	8000	40	15348	1	70036	7	70051	1	-1	-1	1
556		职业橙套大理下衣(90)5阶	大理轩辕裤·5阶	kuzi08	4	90	-1	15359	9000	40	15349	1	70037	7	70052	1	-1	-1	1
557		职业橙套大理下衣(100)5阶	大理神女裤·5阶	kuzi08	4	100	-1	15360	10000	40	15350	1	70038	7	70053	1	-1	-1	1
558		VIP大理下衣(90)5阶	大理降龙裤·5阶	kuzi08	4	90	-1	15361	9000	40	15351	1	70037	7	70052	1	-1	-1	1
559		职业橙套大理下衣(100)6阶	大理神女裤·6阶	kuzi08	4	100	-1	15370	10000	40	15360	1	70038	8	70053	1	-1	-1	1
560		职业橙套大理下衣(100)7阶	大理神女裤·7阶	kuzi08	4	100	-1	15380	10000	40	15370	1	70038	9	70053	1	-1	-1	1
561		职业橙套大理下衣(100)8阶	大理神女裤·8阶	kuzi08	4	100	-1	15390	10000	40	15380	1	70038	10	70053	1	-1	-1	1
562		职业橙套大理下衣(100)9阶	大理神女裤·9阶	kuzi08	4	100	-1	15400	10000	40	15390	1	70038	12	70053	1	-1	-1	1
563		职业橙套大理下衣(100)10阶	大理神女裤·10阶	kuzi08	4	100	-1	15410	10000	40	15400	1	70038	15	70053	1	-1	-1	1
564		职业橙套大理鞋子(80)1阶	大理龙渊靴·1阶	xiezi08	4	80	-1	15418	8000	40	45408	1	70036	3	70051	1	-1	-1	1
565		职业橙套大理鞋子(90)1阶	大理轩辕靴·1阶	xiezi08	4	90	-1	15419	9000	40	45409	1	70037	3	70052	1	-1	-1	1
566		职业橙套大理鞋子(100)1阶	大理神女靴·1阶	xiezi08	4	100	-1	15420	10000	40	45410	1	70038	3	70053	1	-1	-1	1
567		职业橙套大理鞋子(80)2阶	大理龙渊靴·2阶	xiezi08	4	80	-1	15428	8000	40	15418	1	70036	4	70051	1	-1	-1	1
568		职业橙套大理鞋子(90)2阶	大理轩辕靴·2阶	xiezi08	4	90	-1	15429	9000	40	15419	1	70037	4	70052	1	-1	-1	1
569		职业橙套大理鞋子(100)2阶	大理神女靴·2阶	xiezi08	4	100	-1	15430	10000	40	15420	1	70038	4	70053	1	-1	-1	1
570		职业橙套大理鞋子(80)3阶	大理龙渊靴·3阶	xiezi08	4	80	-1	15438	8000	40	15428	1	70036	5	70051	1	-1	-1	1
571		职业橙套大理鞋子(90)3阶	大理轩辕靴·3阶	xiezi08	4	90	-1	15439	9000	40	15429	1	70037	5	70052	1	-1	-1	1
572		职业橙套大理鞋子(100)3阶	大理神女靴·3阶	xiezi08	4	100	-1	15440	10000	40	15430	1	70038	5	70053	1	-1	-1	1
573		职业橙套大理鞋子(80)4阶	大理龙渊靴·4阶	xiezi08	4	80	-1	15448	8000	40	15438	1	70036	6	70051	1	-1	-1	1
574		职业橙套大理鞋子(90)4阶	大理轩辕靴·4阶	xiezi08	4	90	-1	15449	9000	40	15439	1	70037	6	70052	1	-1	-1	1
575		职业橙套大理鞋子(100)4阶	大理神女靴·4阶	xiezi08	4	100	-1	15450	10000	40	15440	1	70038	6	70053	1	-1	-1	1
576		职业橙套大理鞋子(80)5阶	大理龙渊靴·5阶	xiezi08	4	80	-1	15458	8000	40	15448	1	70036	7	70051	1	-1	-1	1
577		职业橙套大理鞋子(90)5阶	大理轩辕靴·5阶	xiezi08	4	90	-1	15459	9000	40	15449	1	70037	7	70052	1	-1	-1	1
578		职业橙套大理鞋子(100)5阶	大理神女靴·5阶	xiezi08	4	100	-1	15460	10000	40	15450	1	70038	7	70053	1	-1	-1	1
579		职业橙套大理鞋子(100)6阶	大理神女靴·6阶	xiezi08	4	100	-1	15470	10000	40	15460	1	70038	8	70053	1	-1	-1	1
580		职业橙套大理鞋子(100)7阶	大理神女靴·7阶	xiezi08	4	100	-1	15480	10000	40	15470	1	70038	9	70053	1	-1	-1	1
581		职业橙套大理鞋子(100)8阶	大理神女靴·8阶	xiezi08	4	100	-1	15490	10000	40	15480	1	70038	10	70053	1	-1	-1	1
582		职业橙套大理鞋子(100)9阶	大理神女靴·9阶	xiezi08	4	100	-1	15500	10000	40	15490	1	70038	12	70053	1	-1	-1	1
583		职业橙套大理鞋子(100)10阶	大理神女靴·10阶	xiezi08	4	100	-1	15510	10000	40	15500	1	70038	15	70053	1	-1	-1	1
584		职业橙套大理手腕(80)1阶	大理龙渊腕·1阶	shoutao08	4	80	-1	15518	8000	40	45508	1	70036	3	70051	1	-1	-1	1
585		职业橙套大理手腕(90)1阶	大理轩辕腕·1阶	shoutao08	4	90	-1	15519	9000	40	45509	1	70037	3	70052	1	-1	-1	1
586		职业橙套大理手腕(100)1阶	大理神女腕·1阶	shoutao08	4	100	-1	15520	10000	40	45510	1	70038	3	70053	1	-1	-1	1
587		职业橙套大理手腕(80)2阶	大理龙渊腕·2阶	shoutao08	4	80	-1	15528	8000	40	15518	1	70036	4	70051	1	-1	-1	1
588		职业橙套大理手腕(90)2阶	大理轩辕腕·2阶	shoutao08	4	90	-1	15529	9000	40	15519	1	70037	4	70052	1	-1	-1	1
589		职业橙套大理手腕(100)2阶	大理神女腕·2阶	shoutao08	4	100	-1	15530	10000	40	15520	1	70038	4	70053	1	-1	-1	1
590		职业橙套大理手腕(80)3阶	大理龙渊腕·3阶	shoutao08	4	80	-1	15538	8000	40	15528	1	70036	5	70051	1	-1	-1	1
591		职业橙套大理手腕(90)3阶	大理轩辕腕·3阶	shoutao08	4	90	-1	15539	9000	40	15529	1	70037	5	70052	1	-1	-1	1
592		职业橙套大理手腕(100)3阶	大理神女腕·3阶	shoutao08	4	100	-1	15540	10000	40	15530	1	70038	5	70053	1	-1	-1	1
593		职业橙套大理手腕(80)4阶	大理龙渊腕·4阶	shoutao08	4	80	-1	15548	8000	40	15538	1	70036	6	70051	1	-1	-1	1
594		职业橙套大理手腕(90)4阶	大理轩辕腕·4阶	shoutao08	4	90	-1	15549	9000	40	15539	1	70037	6	70052	1	-1	-1	1
595		职业橙套大理手腕(100)4阶	大理神女腕·4阶	shoutao08	4	100	-1	15550	10000	40	15540	1	70038	6	70053	1	-1	-1	1
596		职业橙套大理手腕(80)5阶	大理龙渊腕·5阶	shoutao08	4	80	-1	15558	8000	40	15548	1	70036	7	70051	1	-1	-1	1
597		职业橙套大理手腕(90)5阶	大理轩辕腕·5阶	shoutao08	4	90	-1	15559	9000	40	15549	1	70037	7	70052	1	-1	-1	1
598		职业橙套大理手腕(100)5阶	大理神女腕·5阶	shoutao08	4	100	-1	15560	10000	40	15550	1	70038	7	70053	1	-1	-1	1
599		职业橙套大理手腕(100)6阶	大理神女腕·6阶	shoutao08	4	100	-1	15570	10000	40	15560	1	70038	8	70053	1	-1	-1	1
600		职业橙套大理手腕(100)7阶	大理神女腕·7阶	shoutao08	4	100	-1	15580	10000	40	15570	1	70038	9	70053	1	-1	-1	1
601		职业橙套大理手腕(100)8阶	大理神女腕·8阶	shoutao08	4	100	-1	15590	10000	40	15580	1	70038	10	70053	1	-1	-1	1
602		职业橙套大理手腕(100)9阶	大理神女腕·9阶	shoutao08	4	100	-1	15600	10000	40	15590	1	70038	12	70053	1	-1	-1	1
603		职业橙套大理手腕(100)10阶	大理神女腕·10阶	shoutao08	4	100	-1	15610	10000	40	15600	1	70038	15	70053	1	-1	-1	1
604		职业橙套大理饰品1(80)1阶	大理龙渊坠·1阶	shipin08	4	80	-1	15718	8000	40	45708	1	70036	3	70051	1	-1	-1	1
605		职业橙套大理饰品1(90)1阶	大理轩辕坠·1阶	shipin08	4	90	-1	15719	9000	40	45709	1	70037	3	70052	1	-1	-1	1
606		职业橙套大理饰品1(100)1阶	大理神女坠·1阶	shipin08	4	100	-1	15720	10000	40	45710	1	70038	3	70053	1	-1	-1	1
607		VIP大理饰品1(90)1阶	大理降龙坠·1阶	shipin08	4	90	-1	15721	9000	40	59038	1	70037	3	70052	1	-1	-1	1
608		职业橙套大理饰品1(80)2阶	大理龙渊坠·2阶	shipin08	4	80	-1	15728	8000	40	15718	1	70036	4	70051	1	-1	-1	1
609		职业橙套大理饰品1(90)2阶	大理轩辕坠·2阶	shipin08	4	90	-1	15729	9000	40	15719	1	70037	4	70052	1	-1	-1	1
610		职业橙套大理饰品1(100)2阶	大理神女坠·2阶	shipin08	4	100	-1	15730	10000	40	15720	1	70038	4	70053	1	-1	-1	1
611		VIP大理饰品1(90)2阶	大理降龙坠·2阶	shipin08	4	90	-1	15731	9000	40	15721	1	70037	4	70052	1	-1	-1	1
612		职业橙套大理饰品1(80)3阶	大理龙渊坠·3阶	shipin08	4	80	-1	15738	8000	40	15728	1	70036	5	70051	1	-1	-1	1
613		职业橙套大理饰品1(90)3阶	大理轩辕坠·3阶	shipin08	4	90	-1	15739	9000	40	15729	1	70037	5	70052	1	-1	-1	1
614		职业橙套大理饰品1(100)3阶	大理神女坠·3阶	shipin08	4	100	-1	15740	10000	40	15730	1	70038	5	70053	1	-1	-1	1
615		VIP大理饰品1(90)3阶	大理降龙坠·3阶	shipin08	4	90	-1	15741	9000	40	15731	1	70037	5	70052	1	-1	-1	1
616		职业橙套大理饰品1(80)4阶	大理龙渊坠·4阶	shipin08	4	80	-1	15748	8000	40	15738	1	70036	6	70051	1	-1	-1	1
617		职业橙套大理饰品1(90)4阶	大理轩辕坠·4阶	shipin08	4	90	-1	15749	9000	40	15739	1	70037	6	70052	1	-1	-1	1
618		职业橙套大理饰品1(100)4阶	大理神女坠·4阶	shipin08	4	100	-1	15750	10000	40	15740	1	70038	6	70053	1	-1	-1	1
619		VIP大理饰品1(90)4阶	大理降龙坠·4阶	shipin08	4	90	-1	15751	9000	40	15741	1	70037	6	70052	1	-1	-1	1
620		职业橙套大理饰品1(80)5阶	大理龙渊坠·5阶	shipin08	4	80	-1	15758	8000	40	15748	1	70036	7	70051	1	-1	-1	1
621		职业橙套大理饰品1(90)5阶	大理轩辕坠·5阶	shipin08	4	90	-1	15759	9000	40	15749	1	70037	7	70052	1	-1	-1	1
622		职业橙套大理饰品1(100)5阶	大理神女坠·5阶	shipin08	4	100	-1	15760	10000	40	15750	1	70038	7	70053	1	-1	-1	1
623		VIP大理饰品1(90)5阶	大理降龙坠·5阶	shipin08	4	90	-1	15761	9000	40	15751	1	70037	7	70052	1	-1	-1	1
624		职业橙套大理饰品1(100)6阶	大理神女坠·6阶	shipin08	4	100	-1	15770	10000	40	15760	1	70038	8	70053	1	-1	-1	1
625		职业橙套大理饰品1(100)7阶	大理神女坠·7阶	shipin08	4	100	-1	15780	10000	40	15770	1	70038	9	70053	1	-1	-1	1
626		职业橙套大理饰品1(100)8阶	大理神女坠·8阶	shipin08	4	100	-1	15790	10000	40	15780	1	70038	10	70053	1	-1	-1	1
627		职业橙套大理饰品1(100)9阶	大理神女坠·9阶	shipin08	4	100	-1	15800	10000	40	15790	1	70038	12	70053	1	-1	-1	1
628		职业橙套大理饰品1(100)10阶	大理神女坠·10阶	shipin08	4	100	-1	15810	10000	40	15800	1	70038	15	70053	1	-1	-1	1
629		职业橙套丐帮头部(80)1阶	丐帮亢龙帽·1阶	maozi08	4	80	-1	16118	8000	40	66108	1	70036	3	70051	1	-1	-1	1
630		职业橙套丐帮头部(90)1阶	丐帮龙战帽·1阶	maozi08	4	90	-1	16119	9000	40	66109	1	70037	3	70052	1	-1	-1	1
631		职业橙套丐帮头部(100)1阶	丐帮排云帽·1阶	maozi08	4	100	-1	16120	10000	40	66110	1	70038	3	70053	1	-1	-1	1
632		职业橙套丐帮头部(80)2阶	丐帮亢龙帽·2阶	maozi08	4	80	-1	16128	8000	40	16118	1	70036	4	70051	1	-1	-1	1
633		职业橙套丐帮头部(90)2阶	丐帮龙战帽·2阶	maozi08	4	90	-1	16129	9000	40	16119	1	70037	4	70052	1	-1	-1	1
634		职业橙套丐帮头部(100)2阶	丐帮排云帽·2阶	maozi08	4	100	-1	16130	10000	40	16120	1	70038	4	70053	1	-1	-1	1
635		职业橙套丐帮头部(80)3阶	丐帮亢龙帽·3阶	maozi08	4	80	-1	16138	8000	40	16128	1	70036	5	70051	1	-1	-1	1
636		职业橙套丐帮头部(90)3阶	丐帮龙战帽·3阶	maozi08	4	90	-1	16139	9000	40	16129	1	70037	5	70052	1	-1	-1	1
637		职业橙套丐帮头部(100)3阶	丐帮排云帽·3阶	maozi08	4	100	-1	16140	10000	40	16130	1	70038	5	70053	1	-1	-1	1
638		职业橙套丐帮头部(80)4阶	丐帮亢龙帽·4阶	maozi08	4	80	-1	16148	8000	40	16138	1	70036	6	70051	1	-1	-1	1
639		职业橙套丐帮头部(90)4阶	丐帮龙战帽·4阶	maozi08	4	90	-1	16149	9000	40	16139	1	70037	6	70052	1	-1	-1	1
640		职业橙套丐帮头部(100)4阶	丐帮排云帽·4阶	maozi08	4	100	-1	16150	10000	40	16140	1	70038	6	70053	1	-1	-1	1
641		职业橙套丐帮头部(80)5阶	丐帮亢龙帽·5阶	maozi08	4	80	-1	16158	8000	40	16148	1	70036	7	70051	1	-1	-1	1
642		职业橙套丐帮头部(90)5阶	丐帮龙战帽·5阶	maozi08	4	90	-1	16159	9000	40	16149	1	70037	7	70052	1	-1	-1	1
643		职业橙套丐帮头部(100)5阶	丐帮排云帽·5阶	maozi08	4	100	-1	16160	10000	40	16150	1	70038	7	70053	1	-1	-1	1
644		职业橙套丐帮头部(100)6阶	丐帮排云帽·6阶	maozi08	4	100	-1	16170	10000	40	16160	1	70038	8	70053	1	-1	-1	1
645		职业橙套丐帮头部(100)7阶	丐帮排云帽·7阶	maozi08	4	100	-1	16180	10000	40	16170	1	70038	9	70053	1	-1	-1	1
646		职业橙套丐帮头部(100)8阶	丐帮排云帽·8阶	maozi08	4	100	-1	16190	10000	40	16180	1	70038	10	70053	1	-1	-1	1
647		职业橙套丐帮头部(100)9阶	丐帮排云帽·9阶	maozi08	4	100	-1	16200	10000	40	16190	1	70038	12	70053	1	-1	-1	1
648		职业橙套丐帮头部(100)10阶	丐帮排云帽·10阶	maozi08	4	100	-1	16210	10000	40	16200	1	70038	15	70053	1	-1	-1	1
649		职业橙套丐帮上衣(80)1阶	丐帮亢龙衣·1阶	wenhao	4	80	-1	16218	8000	40	66208	1	70036	3	70051	1	-1	-1	1
650		职业橙套丐帮上衣(90)1阶	丐帮龙战衣·1阶	wenhao	4	90	-1	16219	9000	40	66209	1	70037	3	70052	1	-1	-1	1
651		职业橙套丐帮上衣(100)1阶	丐帮排云衣·1阶	wenhao	4	100	-1	16220	10000	40	66210	1	70038	3	70053	1	-1	-1	1
652		VIP丐帮上衣(90)1阶	丐帮降龙衣·1阶	wenhao	4	90	-1	16221	9000	40	68002	1	70037	3	70052	1	-1	-1	1
653		职业橙套丐帮上衣(80)2阶	丐帮亢龙衣·2阶	wenhao	4	80	-1	16228	8000	40	16218	1	70036	4	70051	1	-1	-1	1
654		职业橙套丐帮上衣(90)2阶	丐帮龙战衣·2阶	wenhao	4	90	-1	16229	9000	40	16219	1	70037	4	70052	1	-1	-1	1
655		职业橙套丐帮上衣(100)2阶	丐帮排云衣·2阶	wenhao	4	100	-1	16230	10000	40	16220	1	70038	4	70053	1	-1	-1	1
656		VIP丐帮上衣(90)2阶	丐帮降龙衣·2阶	wenhao	4	90	-1	16231	9000	40	16221	1	70037	4	70052	1	-1	-1	1
657		职业橙套丐帮上衣(80)3阶	丐帮亢龙衣·3阶	wenhao	4	80	-1	16238	8000	40	16228	1	70036	5	70051	1	-1	-1	1
658		职业橙套丐帮上衣(90)3阶	丐帮龙战衣·3阶	wenhao	4	90	-1	16239	9000	40	16229	1	70037	5	70052	1	-1	-1	1
659		职业橙套丐帮上衣(100)3阶	丐帮排云衣·3阶	wenhao	4	100	-1	16240	10000	40	16230	1	70038	5	70053	1	-1	-1	1
660		VIP丐帮上衣(90)3阶	丐帮降龙衣·3阶	wenhao	4	90	-1	16241	9000	40	16231	1	70037	5	70052	1	-1	-1	1
661		职业橙套丐帮上衣(80)4阶	丐帮亢龙衣·4阶	wenhao	4	80	-1	16248	8000	40	16238	1	70036	6	70051	1	-1	-1	1
662		职业橙套丐帮上衣(90)4阶	丐帮龙战衣·4阶	wenhao	4	90	-1	16249	9000	40	16239	1	70037	6	70052	1	-1	-1	1
663		职业橙套丐帮上衣(100)4阶	丐帮排云衣·4阶	wenhao	4	100	-1	16250	10000	40	16240	1	70038	6	70053	1	-1	-1	1
664		VIP丐帮上衣(90)4阶	丐帮降龙衣·4阶	wenhao	4	90	-1	16251	9000	40	16241	1	70037	6	70052	1	-1	-1	1
665		职业橙套丐帮上衣(80)5阶	丐帮亢龙衣·5阶	wenhao	4	80	-1	16258	8000	40	16248	1	70036	7	70051	1	-1	-1	1
666		职业橙套丐帮上衣(90)5阶	丐帮龙战衣·5阶	wenhao	4	90	-1	16259	9000	40	16249	1	70037	7	70052	1	-1	-1	1
667		职业橙套丐帮上衣(100)5阶	丐帮排云衣·5阶	wenhao	4	100	-1	16260	10000	40	16250	1	70038	7	70053	1	-1	-1	1
668		VIP丐帮上衣(90)5阶	丐帮降龙衣·5阶	wenhao	4	90	-1	16261	9000	40	16251	1	70037	7	70052	1	-1	-1	1
669		职业橙套丐帮上衣(100)6阶	丐帮排云衣·6阶	wenhao	4	100	-1	16270	10000	40	16260	1	70038	8	70053	1	-1	-1	1
670		职业橙套丐帮上衣(100)7阶	丐帮排云衣·7阶	wenhao	4	100	-1	16280	10000	40	16270	1	70038	9	70053	1	-1	-1	1
671		职业橙套丐帮上衣(100)8阶	丐帮排云衣·8阶	wenhao	4	100	-1	16290	10000	40	16280	1	70038	10	70053	1	-1	-1	1
672		职业橙套丐帮上衣(100)9阶	丐帮排云衣·9阶	wenhao	4	100	-1	16300	10000	40	16290	1	70038	12	70053	1	-1	-1	1
673		职业橙套丐帮上衣(100)10阶	丐帮排云衣·10阶	wenhao	4	100	-1	16310	10000	40	16300	1	70038	15	70053	1	-1	-1	1
674		职业橙套丐帮下衣(80)1阶	丐帮亢龙裤·1阶	kuzi08	4	80	-1	16318	8000	40	66308	1	70036	3	70051	1	-1	-1	1
675		职业橙套丐帮下衣(90)1阶	丐帮龙战裤·1阶	kuzi08	4	90	-1	16319	9000	40	66309	1	70037	3	70052	1	-1	-1	1
676		职业橙套丐帮下衣(100)1阶	丐帮排云裤·1阶	kuzi08	4	100	-1	16320	10000	40	66310	1	70038	3	70053	1	-1	-1	1
677		VIP丐帮下衣(90)1阶	丐帮降龙裤·1阶	kuzi08	4	90	-1	16321	9000	40	68003	1	70037	3	70052	1	-1	-1	1
678		职业橙套丐帮下衣(80)2阶	丐帮亢龙裤·2阶	kuzi08	4	80	-1	16328	8000	40	16318	1	70036	4	70051	1	-1	-1	1
679		职业橙套丐帮下衣(90)2阶	丐帮龙战裤·2阶	kuzi08	4	90	-1	16329	9000	40	16319	1	70037	4	70052	1	-1	-1	1
680		职业橙套丐帮下衣(100)2阶	丐帮排云裤·2阶	kuzi08	4	100	-1	16330	10000	40	16320	1	70038	4	70053	1	-1	-1	1
681		VIP丐帮下衣(90)2阶	丐帮降龙裤·2阶	kuzi08	4	90	-1	16331	9000	40	16321	1	70037	4	70052	1	-1	-1	1
682		职业橙套丐帮下衣(80)3阶	丐帮亢龙裤·3阶	kuzi08	4	80	-1	16338	8000	40	16328	1	70036	5	70051	1	-1	-1	1
683		职业橙套丐帮下衣(90)3阶	丐帮龙战裤·3阶	kuzi08	4	90	-1	16339	9000	40	16329	1	70037	5	70052	1	-1	-1	1
684		职业橙套丐帮下衣(100)3阶	丐帮排云裤·3阶	kuzi08	4	100	-1	16340	10000	40	16330	1	70038	5	70053	1	-1	-1	1
685		VIP丐帮下衣(90)3阶	丐帮降龙裤·3阶	kuzi08	4	90	-1	16341	9000	40	16331	1	70037	5	70052	1	-1	-1	1
686		职业橙套丐帮下衣(80)4阶	丐帮亢龙裤·4阶	kuzi08	4	80	-1	16348	8000	40	16338	1	70036	6	70051	1	-1	-1	1
687		职业橙套丐帮下衣(90)4阶	丐帮龙战裤·4阶	kuzi08	4	90	-1	16349	9000	40	16339	1	70037	6	70052	1	-1	-1	1
688		职业橙套丐帮下衣(100)4阶	丐帮排云裤·4阶	kuzi08	4	100	-1	16350	10000	40	16340	1	70038	6	70053	1	-1	-1	1
689		VIP丐帮下衣(90)4阶	丐帮降龙裤·4阶	kuzi08	4	90	-1	16351	9000	40	16341	1	70037	6	70052	1	-1	-1	1
690		职业橙套丐帮下衣(80)5阶	丐帮亢龙裤·5阶	kuzi08	4	80	-1	16358	8000	40	16348	1	70036	7	70051	1	-1	-1	1
691		职业橙套丐帮下衣(90)5阶	丐帮龙战裤·5阶	kuzi08	4	90	-1	16359	9000	40	16349	1	70037	7	70052	1	-1	-1	1
692		职业橙套丐帮下衣(100)5阶	丐帮排云裤·5阶	kuzi08	4	100	-1	16360	10000	40	16350	1	70038	7	70053	1	-1	-1	1
693		VIP丐帮下衣(90)5阶	丐帮降龙裤·5阶	kuzi08	4	90	-1	16361	9000	40	16351	1	70037	7	70052	1	-1	-1	1
694		职业橙套丐帮下衣(100)6阶	丐帮排云裤·6阶	kuzi08	4	100	-1	16370	10000	40	16360	1	70038	8	70053	1	-1	-1	1
695		职业橙套丐帮下衣(100)7阶	丐帮排云裤·7阶	kuzi08	4	100	-1	16380	10000	40	16370	1	70038	9	70053	1	-1	-1	1
696		职业橙套丐帮下衣(100)8阶	丐帮排云裤·8阶	kuzi08	4	100	-1	16390	10000	40	16380	1	70038	10	70053	1	-1	-1	1
697		职业橙套丐帮下衣(100)9阶	丐帮排云裤·9阶	kuzi08	4	100	-1	16400	10000	40	16390	1	70038	12	70053	1	-1	-1	1
698		职业橙套丐帮下衣(100)10阶	丐帮排云裤·10阶	kuzi08	4	100	-1	16410	10000	40	16400	1	70038	15	70053	1	-1	-1	1
699		职业橙套丐帮鞋子(80)1阶	丐帮亢龙靴·1阶	xiezi08	4	80	-1	16418	8000	40	66408	1	70036	3	70051	1	-1	-1	1
700		职业橙套丐帮鞋子(90)1阶	丐帮龙战靴·1阶	xiezi08	4	90	-1	16419	9000	40	66409	1	70037	3	70052	1	-1	-1	1
701		职业橙套丐帮鞋子(100)1阶	丐帮排云靴·1阶	xiezi08	4	100	-1	16420	10000	40	66410	1	70038	3	70053	1	-1	-1	1
702		职业橙套丐帮鞋子(80)2阶	丐帮亢龙靴·2阶	xiezi08	4	80	-1	16428	8000	40	16418	1	70036	4	70051	1	-1	-1	1
703		职业橙套丐帮鞋子(90)2阶	丐帮龙战靴·2阶	xiezi08	4	90	-1	16429	9000	40	16419	1	70037	4	70052	1	-1	-1	1
704		职业橙套丐帮鞋子(100)2阶	丐帮排云靴·2阶	xiezi08	4	100	-1	16430	10000	40	16420	1	70038	4	70053	1	-1	-1	1
705		职业橙套丐帮鞋子(80)3阶	丐帮亢龙靴·3阶	xiezi08	4	80	-1	16438	8000	40	16428	1	70036	5	70051	1	-1	-1	1
706		职业橙套丐帮鞋子(90)3阶	丐帮龙战靴·3阶	xiezi08	4	90	-1	16439	9000	40	16429	1	70037	5	70052	1	-1	-1	1
707		职业橙套丐帮鞋子(100)3阶	丐帮排云靴·3阶	xiezi08	4	100	-1	16440	10000	40	16430	1	70038	5	70053	1	-1	-1	1
708		职业橙套丐帮鞋子(80)4阶	丐帮亢龙靴·4阶	xiezi08	4	80	-1	16448	8000	40	16438	1	70036	6	70051	1	-1	-1	1
709		职业橙套丐帮鞋子(90)4阶	丐帮龙战靴·4阶	xiezi08	4	90	-1	16449	9000	40	16439	1	70037	6	70052	1	-1	-1	1
710		职业橙套丐帮鞋子(100)4阶	丐帮排云靴·4阶	xiezi08	4	100	-1	16450	10000	40	16440	1	70038	6	70053	1	-1	-1	1
711		职业橙套丐帮鞋子(80)5阶	丐帮亢龙靴·5阶	xiezi08	4	80	-1	16458	8000	40	16448	1	70036	7	70051	1	-1	-1	1
712		职业橙套丐帮鞋子(90)5阶	丐帮龙战靴·5阶	xiezi08	4	90	-1	16459	9000	40	16449	1	70037	7	70052	1	-1	-1	1
713		职业橙套丐帮鞋子(100)5阶	丐帮排云靴·5阶	xiezi08	4	100	-1	16460	10000	40	16450	1	70038	7	70053	1	-1	-1	1
714		职业橙套丐帮鞋子(100)6阶	丐帮排云靴·6阶	xiezi08	4	100	-1	16470	10000	40	16460	1	70038	8	70053	1	-1	-1	1
715		职业橙套丐帮鞋子(100)7阶	丐帮排云靴·7阶	xiezi08	4	100	-1	16480	10000	40	16470	1	70038	9	70053	1	-1	-1	1
716		职业橙套丐帮鞋子(100)8阶	丐帮排云靴·8阶	xiezi08	4	100	-1	16490	10000	40	16480	1	70038	10	70053	1	-1	-1	1
717		职业橙套丐帮鞋子(100)9阶	丐帮排云靴·9阶	xiezi08	4	100	-1	16500	10000	40	16490	1	70038	12	70053	1	-1	-1	1
718		职业橙套丐帮鞋子(100)10阶	丐帮排云靴·10阶	xiezi08	4	100	-1	16510	10000	40	16500	1	70038	15	70053	1	-1	-1	1
719		职业橙套丐帮手腕(80)1阶	丐帮亢龙腕·1阶	shoutao08	4	80	-1	16518	8000	40	66508	1	70036	3	70051	1	-1	-1	1
720		职业橙套丐帮手腕(90)1阶	丐帮龙战腕·1阶	shoutao08	4	90	-1	16519	9000	40	66509	1	70037	3	70052	1	-1	-1	1
721		职业橙套丐帮手腕(100)1阶	丐帮排云腕·1阶	shoutao08	4	100	-1	16520	10000	40	66510	1	70038	3	70053	1	-1	-1	1
722		职业橙套丐帮手腕(80)2阶	丐帮亢龙腕·2阶	shoutao08	4	80	-1	16528	8000	40	16518	1	70036	4	70051	1	-1	-1	1
723		职业橙套丐帮手腕(90)2阶	丐帮龙战腕·2阶	shoutao08	4	90	-1	16529	9000	40	16519	1	70037	4	70052	1	-1	-1	1
724		职业橙套丐帮手腕(100)2阶	丐帮排云腕·2阶	shoutao08	4	100	-1	16530	10000	40	16520	1	70038	4	70053	1	-1	-1	1
725		职业橙套丐帮手腕(80)3阶	丐帮亢龙腕·3阶	shoutao08	4	80	-1	16538	8000	40	16528	1	70036	5	70051	1	-1	-1	1
726		职业橙套丐帮手腕(90)3阶	丐帮龙战腕·3阶	shoutao08	4	90	-1	16539	9000	40	16529	1	70037	5	70052	1	-1	-1	1
727		职业橙套丐帮手腕(100)3阶	丐帮排云腕·3阶	shoutao08	4	100	-1	16540	10000	40	16530	1	70038	5	70053	1	-1	-1	1
728		职业橙套丐帮手腕(80)4阶	丐帮亢龙腕·4阶	shoutao08	4	80	-1	16548	8000	40	16538	1	70036	6	70051	1	-1	-1	1
729		职业橙套丐帮手腕(90)4阶	丐帮龙战腕·4阶	shoutao08	4	90	-1	16549	9000	40	16539	1	70037	6	70052	1	-1	-1	1
730		职业橙套丐帮手腕(100)4阶	丐帮排云腕·4阶	shoutao08	4	100	-1	16550	10000	40	16540	1	70038	6	70053	1	-1	-1	1
731		职业橙套丐帮手腕(80)5阶	丐帮亢龙腕·5阶	shoutao08	4	80	-1	16558	8000	40	16548	1	70036	7	70051	1	-1	-1	1
732		职业橙套丐帮手腕(90)5阶	丐帮龙战腕·5阶	shoutao08	4	90	-1	16559	9000	40	16549	1	70037	7	70052	1	-1	-1	1
733		职业橙套丐帮手腕(100)5阶	丐帮排云腕·5阶	shoutao08	4	100	-1	16560	10000	40	16550	1	70038	7	70053	1	-1	-1	1
734		职业橙套丐帮手腕(100)6阶	丐帮排云腕·6阶	shoutao08	4	100	-1	16570	10000	40	16560	1	70038	8	70053	1	-1	-1	1
735		职业橙套丐帮手腕(100)7阶	丐帮排云腕·7阶	shoutao08	4	100	-1	16580	10000	40	16570	1	70038	9	70053	1	-1	-1	1
736		职业橙套丐帮手腕(100)8阶	丐帮排云腕·8阶	shoutao08	4	100	-1	16590	10000	40	16580	1	70038	10	70053	1	-1	-1	1
737		职业橙套丐帮手腕(100)9阶	丐帮排云腕·9阶	shoutao08	4	100	-1	16600	10000	40	16590	1	70038	12	70053	1	-1	-1	1
738		职业橙套丐帮手腕(100)10阶	丐帮排云腕·10阶	shoutao08	4	100	-1	16610	10000	40	16600	1	70038	15	70053	1	-1	-1	1
739		职业橙套丐帮饰品1(80)1阶	丐帮亢龙坠·1阶	shipin08	4	80	-1	16718	8000	40	66708	1	70036	3	70051	1	-1	-1	1
740		职业橙套丐帮饰品1(90)1阶	丐帮龙战坠·1阶	shipin08	4	90	-1	16719	9000	40	66709	1	70037	3	70052	1	-1	-1	1
741		职业橙套丐帮饰品1(100)1阶	丐帮排云坠·1阶	shipin08	4	100	-1	16720	10000	40	66710	1	70038	3	70053	1	-1	-1	1
742		VIP丐帮饰品1(90)1阶	丐帮降龙坠·1阶	shipin08	4	90	-1	16721	9000	40	68004	1	70037	3	70052	1	-1	-1	1
743		职业橙套丐帮饰品1(80)2阶	丐帮亢龙坠·2阶	shipin08	4	80	-1	16728	8000	40	16718	1	70036	4	70051	1	-1	-1	1
744		职业橙套丐帮饰品1(90)2阶	丐帮龙战坠·2阶	shipin08	4	90	-1	16729	9000	40	16719	1	70037	4	70052	1	-1	-1	1
745		职业橙套丐帮饰品1(100)2阶	丐帮排云坠·2阶	shipin08	4	100	-1	16730	10000	40	16720	1	70038	4	70053	1	-1	-1	1
746		VIP丐帮饰品1(90)2阶	丐帮降龙坠·2阶	shipin08	4	90	-1	16731	9000	40	16721	1	70037	4	70052	1	-1	-1	1
747		职业橙套丐帮饰品1(80)3阶	丐帮亢龙坠·3阶	shipin08	4	80	-1	16738	8000	40	16728	1	70036	5	70051	1	-1	-1	1
748		职业橙套丐帮饰品1(90)3阶	丐帮龙战坠·3阶	shipin08	4	90	-1	16739	9000	40	16729	1	70037	5	70052	1	-1	-1	1
749		职业橙套丐帮饰品1(100)3阶	丐帮排云坠·3阶	shipin08	4	100	-1	16740	10000	40	16730	1	70038	5	70053	1	-1	-1	1
750		VIP丐帮饰品1(90)3阶	丐帮降龙坠·3阶	shipin08	4	90	-1	16741	9000	40	16731	1	70037	5	70052	1	-1	-1	1
751		职业橙套丐帮饰品1(80)4阶	丐帮亢龙坠·4阶	shipin08	4	80	-1	16748	8000	40	16738	1	70036	6	70051	1	-1	-1	1
752		职业橙套丐帮饰品1(90)4阶	丐帮龙战坠·4阶	shipin08	4	90	-1	16749	9000	40	16739	1	70037	6	70052	1	-1	-1	1
753		职业橙套丐帮饰品1(100)4阶	丐帮排云坠·4阶	shipin08	4	100	-1	16750	10000	40	16740	1	70038	6	70053	1	-1	-1	1
754		VIP丐帮饰品1(90)4阶	丐帮降龙坠·4阶	shipin08	4	90	-1	16751	9000	40	16741	1	70037	6	70052	1	-1	-1	1
755		职业橙套丐帮饰品1(80)5阶	丐帮亢龙坠·5阶	shipin08	4	80	-1	16758	8000	40	16748	1	70036	7	70051	1	-1	-1	1
756		职业橙套丐帮饰品1(90)5阶	丐帮龙战坠·5阶	shipin08	4	90	-1	16759	9000	40	16749	1	70037	7	70052	1	-1	-1	1
757		职业橙套丐帮饰品1(100)5阶	丐帮排云坠·5阶	shipin08	4	100	-1	16760	10000	40	16750	1	70038	7	70053	1	-1	-1	1
758		VIP丐帮饰品1(90)5阶	丐帮降龙坠·5阶	shipin08	4	90	-1	16761	9000	40	16751	1	70037	7	70052	1	-1	-1	1
759		职业橙套丐帮饰品1(100)6阶	丐帮排云坠·6阶	shipin08	4	100	-1	16770	10000	40	16760	1	70038	8	70053	1	-1	-1	1
760		职业橙套丐帮饰品1(100)7阶	丐帮排云坠·7阶	shipin08	4	100	-1	16780	10000	40	16770	1	70038	9	70053	1	-1	-1	1
761		职业橙套丐帮饰品1(100)8阶	丐帮排云坠·8阶	shipin08	4	100	-1	16790	10000	40	16780	1	70038	10	70053	1	-1	-1	1
762		职业橙套丐帮饰品1(100)9阶	丐帮排云坠·9阶	shipin08	4	100	-1	16800	10000	40	16790	1	70038	12	70053	1	-1	-1	1
763		职业橙套丐帮饰品1(100)10阶	丐帮排云坠·10阶	shipin08	4	100	-1	16810	10000	40	16800	1	70038	15	70053	1	-1	-1	1
