Id	Desc	Money	BindYuanBao	Exp	FellowExp	ToolID1	ToolNum1	ToolID2	ToolNum2	ProfessionItemID1	ProfessionNum1	ProfessionItemID2	ProfessionNum2	ProfessionItemID3	ProfessionNum3	ProfessionItemID4	ProfessionNum4	ProfessionItemID5	ProfessionNum5	ChoosedItemNum	ItemID1	ItemNum1	ItemID2	ItemNum2	ItemID3	ItemNum3
INT	STRING	INT	INT	INT	INT	INT	INT	INT	INT	INT	INT	INT	INT	INT	INT	INT	INT	INT	INT	INT	INT	INT	INT	INT	INT	INT
#MAX_ID=1024;MAX_RECORD=1024;TableType=Hash;																										
#唯一标示	策划维护列	金钱	绑定元宝	经验	宠物经验	道具1ID	道具1数量	道具2ID	道具2数量	少林物品ID	少林物品数量	天山物品ID	天山物品数量	大理物品ID	大理物品数量	逍遥物品ID	逍遥物品数量	丐帮物品ID	丐帮物品数量	多选一物品数量	物品1 ID	物品1 数量	物品2 ID	物品2 数量	物品3 ID	物品3 数量
0	{0}【主】{1}苏醒	2000	0	75	0	4011	10	4021	10	18600	1	19600	1	21600	1	20600	1	67501	1	0	-1	0	-1	0	-1	0
1	{0}【主】{1}机车	4725	0	864	288	-1	-1	-1	-1	-1	0	-1	0	-1	0	-1	0	-1	0	0	-1	0	-1	0	-1	0
2	{0}【主】{1}难题	55	0	12	0	-1	-1	-1	-1	-1	0	-1	0	-1	0	-1	0	-1	0	0	-1	0	-1	0	-1	0
3	{0}【主】{1}杀一儆百	4500	0	950	0	-1	-1	-1	-1	18500	1	19500	1	21500	1	20500	1	-1	0	0	-1	0	-1	0	-1	0
4	{0}【主】{1}能力全无	137	0	28	0	-1	-1	-1	-1	-1	0	-1	0	-1	0	-1	0	67401	1	0	-1	0	-1	0	-1	0
5	{0}【主】{1}送食材	400	0	80	0	-1	-1	-1	-1	18200	1	19200	1	21200	1	20200	1	-1	0	0	-1	0	-1	0	-1	0
6	{0}【主】{1}帮忙	263	0	54	0	-1	-1	-1	-1	-1	0	-1	0	-1	0	-1	0	-1	0	0	-1	0	-1	0	-1	0
7	{0}【主】{1}邀请	1400	0	284	0	-1	-1	-1	-1	-1	0	-1	0	-1	0	-1	0	-1	0	0	-1	0	-1	0	-1	0
8	{0}【主】{1}心中疑惑	700	0	142	0	-1	-1	-1	-1	-1	0	-1	0	-1	0	-1	0	-1	0	0	-1	0	-1	0	-1	0
9	{0}【主】{1}独臂难行	480	0	100	0	-1	-1	-1	-1	-1	0	-1	0	-1	0	-1	0	-1	0	0	-1	0	-1	0	-1	0
10	{0}【主】{1}寻求帮助	480	0	100	0	-1	-1	-1	-1	-1	0	-1	0	-1	0	-1	0	-1	0	0	-1	0	-1	0	-1	0
11	{0}【主】{1}介绍宠物	240	0	50	0	-1	-1	-1	-1	-1	0	-1	0	-1	0	-1	0	67602	1	0	-1	0	-1	0	-1	0
12	{0}【主】{1}孤掌难鸣	240	0	50	0	-1	-1	-1	-1	-1	0	-1	0	-1	0	-1	0	-1	0	0	-1	0	-1	0	-1	0
13	{0}【主】{1}饲料	1364	0	273	0	-1	-1	-1	-1	18100	1	19100	1	21100	1	20100	1	-1	0	0	-1	0	-1	0	-1	0
14	{0}【主】{1}赠宠	4950	0	1058	353	-1	-1	-1	-1	-1	0	-1	0	-1	0	-1	0	-1	0	0	-1	0	-1	0	-1	0
15	{0}【主】{1}求教	550	0	118	39	-1	-1	-1	-1	-1	0	-1	0	-1	0	-1	0	-1	0	0	-1	0	-1	0	-1	0
16	{0}【主】{1}决心	6600	0	1425	475	4012	10	4022	10	30601	1	31601	1	33601	1	32601	1	-1	0	0	-1	0	-1	0	-1	0
17	{0}【主】{1}摸底	5200	0	567	189	-1	-1	-1	-1	30201	1	31201	1	33201	1	32201	1	-1	0	0	-1	0	-1	0	-1	0
18	{0}【主】{1}底子尚可	2600	0	284	95	-1	-1	-1	-1	-1	0	-1	0	-1	0	-1	0	-1	0	0	-1	0	-1	0	-1	0
19	{0}【主】{1}拯救城镇	6563	0	1454	485	-1	-1	-1	-1	30301	1	31301	1	33301	1	32301	1	-1	0	0	-1	0	-1	0	-1	0
20	{0}【主】{1}魔灵碎片	2661	0	359	120	-1	-1	-1	-1	-1	0	-1	0	-1	0	-1	0	-1	0	0	-1	0	-1	0	-1	0
21	{0}【主】{1}异次元门	960	0	129	43	-1	-1	-1	-1	-1	0	-1	0	-1	0	-1	0	-1	0	0	-1	0	-1	0	-1	0
22	{0}【主】{1}蚊中女王	2160	0	450	0	4011	10	4021	10	-1	0	-1	0	-1	0	-1	0	-1	0	0	-1	0	-1	0	-1	0
23	{0}【主】{1}原因	480	0	65	22	-1	-1	-1	-1	-1	0	-1	0	-1	0	-1	0	-1	0	0	-1	0	-1	0	-1	0
24	{0}【主】{1}探查变化	4800	0	642	214	-1	-1	-1	-1	30101	1	31101	1	33101	1	32101	1	-1	0	0	-1	0	-1	0	-1	0
25	{0}【主】{1}能力提升	296	0	40	13	-1	-1	-1	-1	-1	0	-1	0	-1	0	-1	0	-1	0	0	-1	0	-1	0	-1	0
26	{0}【主】{1}挥之不去	1350	0	183	61	-1	-1	-1	-1	30401	1	31401	1	33401	1	32401	1	-1	0	0	-1	0	-1	0	-1	0
27	{0}【主】{1}孩童失踪	296	0	40	13	-1	-1	-1	-1	30501	1	31501	1	33501	1	32501	1	-1	0	0	-1	0	-1	0	-1	0
28	{0}【主】{1}调查疑地	4435	0	597	199	-1	-1	-1	-1	-1	0	-1	0	-1	0	-1	0	-1	0	0	-1	0	-1	0	-1	0
29	{0}【主】{1}技能书	0	0	0	0	-1	-1	-1	-1	-1	0	-1	0	-1	0	-1	0	-1	0	0	-1	0	-1	0	-1	0
30	{0}【主】{1}环境变化	4050	0	548	183	-1	-1	-1	-1	-1	0	-1	0	-1	0	-1	0	-1	0	0	-1	0	-1	0	-1	0
31	{0}【主】{1}虫卵	4050	0	548	183	-1	-1	-1	-1	-1	0	-1	0	-1	0	-1	0	-1	0	0	-1	0	-1	0	-1	0
32	{0}【主】{1}研制药剂	450	0	61	20	-1	-1	-1	-1	-1	0	-1	0	-1	0	-1	0	-1	0	0	-1	0	-1	0	-1	0
33	{0}【主】{1}驱虫剂	4050	0	548	183	23	1	-1	-1	-1	0	-1	0	-1	0	-1	0	-1	0	0	-1	0	-1	0	-1	0
34	{0}【主】{1}消失地点	450	0	61	20	-1	-1	-1	-1	-1	0	-1	0	-1	0	-1	0	67702	1	0	-1	0	-1	0	-1	0
35	{0}【主】{1}咨询	900	0	122	41	-1	-1	-1	-1	-1	0	-1	0	-1	0	-1	0	-1	0	0	-1	0	-1	0	-1	0
36	{0}【主】{1}孩童去向	519	0	59	20	-1	-1	-1	-1	-1	0	-1	0	-1	0	-1	0	-1	0	0	-1	0	-1	0	-1	0
37	{0}【主】{1}益智玩具	4664	0	529	176	-1	-1	-1	-1	-1	0	-1	0	-1	0	-1	0	65202	1	0	-1	0	-1	0	-1	0
38	{0}【主】{1}爱女玩具	519	0	59	20	-1	-1	-1	-1	-1	0	-1	0	-1	0	-1	0	-1	0	0	-1	0	-1	0	-1	0
39	{0}【主】{1}女儿失踪	519	0	59	20	-1	-1	-1	-1	-1	0	-1	0	-1	0	-1	0	-1	0	0	-1	0	-1	0	-1	0
40	{0}【主】{1}探查情况	1575	0	288	96	-1	-1	-1	-1	-1	0	-1	0	-1	0	-1	0	-1	0	0	-1	0	-1	0	-1	0
41	{0}【主】{1}事情紧急	4664	0	529	176	-1	-1	-1	-1	-1	0	-1	0	-1	0	-1	0	-1	0	0	-1	0	-1	0	-1	0
42	{0}【主】{1}我要变强	519	0	59	20	-1	-1	-1	-1	-1	0	-1	0	-1	0	-1	0	-1	0	0	-1	0	-1	0	-1	0
43	{0}【主】{1}我要变强	788	0	162	0	-1	-1	-1	-1	-1	0	-1	0	-1	0	-1	0	-1	0	0	-1	0	-1	0	-1	0
44	{0}【主】{1}测试能力	5182	0	588	196	24	1	-1	-1	-1	0	-1	0	-1	0	-1	0	-1	0	0	-1	0	-1	0	-1	0
45	{0}【主】{1}深入探查	10962	0	1248	416	23	3	-1	-1	-1	0	-1	0	-1	0	-1	0	-1	0	0	-1	0	-1	0	-1	0
46	{0}【主】{1}女儿未知	731	0	84	28	-1	-1	-1	-1	-1	0	-1	0	-1	0	-1	0	-1	0	0	-1	0	-1	0	-1	0
47	{0}【主】{1}突发异变	731	0	84	28	-1	-1	-1	-1	-1	0	-1	0	-1	0	-1	0	-1	0	0	-1	0	-1	0	-1	0
48	{0}【主】{1}保卫城镇	5250	0	960	320	-1	-1	-1	-1	-1	0	-1	0	-1	0	-1	0	-1	0	0	-1	0	-1	0	-1	0
49	{0}【主】{1}实话实说	525	0	96	32	-1	-1	-1	-1	-1	0	-1	0	-1	0	-1	0	-1	0	0	-1	0	-1	0	-1	0
50	{0}【主】{1}故地重游	7875	0	1440	480	24	3	-1	-1	30602	1	31602	1	33602	1	32602	1	-1	0	0	-1	0	-1	0	-1	0
51	{0}【主】{1}爆炸声	15400	0	5654	1885	4013	10	4023	10	-1	0	-1	0	-1	0	-1	0	-1	0	0	-1	0	-1	0	-1	0
52	{0}【主】{1}乖僻学者	7700	0	2827	942	-1	-1	-1	-1	-1	0	-1	0	-1	0	-1	0	-1	0	0	-1	0	-1	0	-1	0
53	{0}【主】{1}坏消息	2242	0	1042	347	-1	-1	-1	-1	-1	0	-1	0	-1	0	-1	0	-1	0	0	-1	0	-1	0	-1	0
54	{0}【主】{1}另一处	5604	0	2604	868	23	1	-1	-1	-1	0	-1	0	-1	0	-1	0	-1	0	0	-1	0	-1	0	-1	0
55	{0}【主】{1}机械处理	25300	0	9320	3107	59	5	-1	-1	30302	1	31302	1	33302	1	32302	1	-1	0	0	-1	0	-1	0	-1	0
56	{0}【主】{1}奇怪部件	10350	0	3825	1275	-1	-1	-1	-1	30202	1	31202	1	33202	1	32202	1	-1	0	0	-1	0	-1	0	-1	0
57	{0}【主】{1}魔法部件	17250	0	6375	2125	4031	5	-1	-1	-1	0	-1	0	-1	0	-1	0	-1	0	0	-1	0	-1	0	-1	0
58	{0}【主】{1}魔法学徒	4000	0	1483	494	-1	-1	-1	-1	-1	0	-1	0	-1	0	-1	0	-1	0	0	-1	0	-1	0	-1	0
59	{0}【主】{1}冒失少女	18000	0	6672	2224	-1	-1	-1	-1	-1	0	-1	0	-1	0	-1	0	-1	0	0	-1	0	-1	0	-1	0
60	{0}【主】{1}部件原理	2000	0	742	247	-1	-1	-1	-1	-1	0	-1	0	-1	0	-1	0	-1	0	0	-1	0	-1	0	-1	0
61	{0}【主】{1}少女同行	2242	0	1042	347	-1	-1	-1	-1	-1	0	-1	0	-1	0	-1	0	-1	0	0	-1	0	-1	0	-1	0
62	{0}【主】{1}深入探查	6000	0	2224	741	-1	-1	-1	-1	30102	1	31102	1	33102	1	32102	1	-1	0	0	-1	0	-1	0	-1	0
63	{0}【主】{1}久违学者	1121	0	521	174	-1	-1	-1	-1	-1	0	-1	0	-1	0	-1	0	-1	0	0	-1	0	-1	0	-1	0
64	{0}【主】{1}血色冰封	10087	0	4687	1562	-1	-1	-1	-1	-1	0	-1	0	-1	0	-1	0	-1	0	0	-1	0	-1	0	-1	0
65	{0}【主】{1}居心何在	2807	0	1317	439	-1	-1	-1	-1	-1	0	-1	0	-1	0	-1	0	-1	0	0	-1	0	-1	0	-1	0
66	{0}【主】{1}前因	7017	0	3291	1097	-1	-1	-1	-1	-1	0	-1	0	-1	0	-1	0	-1	0	0	-1	0	-1	0	-1	0
67	{0}【主】{1}警钟	12630	0	5923	1974	-1	-1	-1	-1	-1	0	-1	0	-1	0	-1	0	-1	0	0	-1	0	-1	0	-1	0
68	{0}【主】{1}代为报告	2907	0	1588	529	-1	-1	-1	-1	-1	0	-1	0	-1	0	-1	0	-1	0	0	-1	0	-1	0	-1	0
69	{0}【主】{1}事务繁忙	2907	0	1588	529	-1	-1	-1	-1	-1	0	-1	0	-1	0	-1	0	-1	0	0	-1	0	-1	0	-1	0
70	{0}【主】{1}另一身份	7266	0	3969	1323	24	5	-1	-1	-1	0	-1	0	-1	0	-1	0	-1	0	0	-1	0	-1	0	-1	0
71	{0}【主】{1}宠物克隆	40765	0	271177	90392	-1	-1	-1	-1	-1	0	-1	0	-1	0	-1	0	-1	0	0	-1	0	-1	0	-1	0
72	{0}【主】{1}另一委托	33056	0	30778	10259	-1	-1	-1	-1	34403	1	35403	1	37403	1	36403	1	-1	0	0	-1	0	-1	0	-1	0
73	{0}【主】{1}湖畔寻人	13223	0	12312	4104	-1	-1	-1	-1	-1	0	-1	0	-1	0	-1	0	-1	0	0	-1	0	-1	0	-1	0
74	{0}【主】{1}救人要紧	0	0	0	0	-1	-1	-1	-1	-1	0	-1	0	-1	0	-1	0	-1	0	0	-1	0	-1	0	-1	0
75	{0}【主】{1}采集水样	12600	0	11772	3924	-1	-1	-1	-1	-1	0	-1	0	-1	0	-1	0	-1	0	0	-1	0	-1	0	-1	0
76	{0}【主】{1}竞技场	21038	0	17400	5800	-1	-1	-1	-1	-1	0	-1	0	-1	0	-1	0	-1	0	0	-1	0	-1	0	-1	0
77	{0}【主】{1}回报组织	21000	0	19620	6540	-1	-1	-1	-1	-1	0	-1	0	-1	0	-1	0	-1	0	0	-1	0	-1	0	-1	0
78	{0}【主】{1}主城介绍	13079	0	7144	2381	-1	-1	-1	-1	-1	0	-1	0	-1	0	-1	0	-1	0	0	-1	0	-1	0	-1	0
79	{0}【主】{1}寻求引荐		0			-1	-1	-1	-1	-1	0	-1	0	-1	0	-1	0	-1	0	0	-1	0	-1	0	-1	0
80	{0}【主】{1}引荐信		0			-1	-1	-1	-1	-1	0	-1	0	-1	0	-1	0	-1	0	0	-1	0	-1	0	-1	0
81	{0}【主】{1}翘学少女	15795	0	3679	1226	4013	10	4023	10	-1	0	-1	0	-1	0	-1	0	-1	0	0	-1	0	-1	0	-1	0
82	{0}【主】{1}众木成林		0			-1	-1	-1	-1	-1	0	-1	0	-1	0	-1	0	-1	0	0	-1	0	-1	0	-1	0
83	{0}【主】{1}表达感谢	10043	0	12629	4210	-1	-1	-1	-1	34703	1	35703	1	37703	1	36703	1	-1	0	0	-1	0	-1	0	-1	0
84	{0}【主】{1}可疑人影	8400	0	7848	2616	-1	-1	-1	-1	-1	0	-1	0	-1	0	-1	0	-1	0	0	-1	0	-1	0	-1	0
85	{0}【主】{1}伙伴失散	21000	0	19620	6540	-1	-1	-1	-1	34503	1	35503	1	37503	1	36503	1	-1	0	0	-1	0	-1	0	-1	0
86	{0}【主】{1}冰冻墓地	2661	0	359	120	-1	-1	-1	-1	-1	0	-1	0	-1	0	-1	0	-1	0	0	-1	0	-1	0	-1	0
87	{0}【主】{1}清除障碍	15858	0	16372	5457	23	1	-1	-1	34103	1	35103	1	37103	1	36103	1	-1	0	0	-1	0	-1	0	-1	0
88	{0}【主】{1}求助贤者	3172	0	3275	1092	-1	-1	-1	-1	-1	0	-1	0	-1	0	-1	0	-1	0	0	-1	0	-1	0	-1	0
89	{0}【主】{1}湖畔慨况	7929	0	8186	2729	4014	10	4024	10	-1	0	-1	0	-1	0	-1	0	-1	0	0	-1	0	-1	0	-1	0
90	{0}【主】{1}变装	0	0	0	0	-1	-1	-1	-1	-1	0	-1	0	-1	0	-1	0	-1	0	0	-1	0	-1	0	-1	0
91	{0}【主】{1}探查营地	23786	0	24558	8186	100001	5	-1	-1	-1	0	-1	0	-1	0	-1	0	-1	0	0	-1	0	-1	0	-1	0
92	{0}【主】{1}小队现状	25108	0	31572	10524	-1	-1	-1	-1	-1	0	-1	0	-1	0	-1	0	-1	0	0	-1	0	-1	0	-1	0
93	{0}【主】{1}报告情况	10043	0	12629	4210	-1	-1	-1	-1	-1	0	-1	0	-1	0	-1	0	-1	0	0	-1	0	-1	0	-1	0
94	{0}【主】{1}怀疑	25108	0	31572	10524	-1	-1	-1	-1	-1	0	-1	0	-1	0	-1	0	-1	0	0	-1	0	-1	0	-1	0
95	{0}【主】{1}魔力受限	14250	0	15600	5200	-1	-1	-1	-1	-1	0	-1	0	-1	0	-1	0	-1	0	0	-1	0	-1	0	-1	0
96	{0}【主】{1}求助女贼	5700	0	6240	2080	-1	-1	-1	-1	-1	0	-1	0	-1	0	-1	0	-1	0	0	-1	0	-1	0	-1	0
97	{0}【主】{1}清除守卫	28500	0	31200	10400	24	5	-1	-1	-1	0	-1	0	-1	0	-1	0	-1	0	0	-1	0	-1	0	-1	0
98	{0}【主】{1}调查遗迹	0	0	0	0	-1	-1	-1	-1	-1	0	-1	0	-1	0	-1	0	-1	0	0	-1	0	-1	0	-1	0
99	{0}【主】{1}机械损坏	2690	0	5863	1954	-1	-1	-1	-1	-1	0	-1	0	-1	0	-1	0	-1	0	0	-1	0	-1	0	-1	0
100	{0}【主】{1}快去快回	5380	0	11725	3908	-1	-1	-1	-1	-1	0	-1	0	-1	0	-1	0	-1	0	0	-1	0	-1	0	-1	0
101	{0}【主】{1}不信任	2690	0	5863	1954	-1	-1	-1	-1	-1	0	-1	0	-1	0	-1	0	-1	0	0	-1	0	-1	0	-1	0
102	{0}【主】{1}避免起疑	5380	0	11725	3908	-1	-1	-1	-1	-1	0	-1	0	-1	0	-1	0	-1	0	0	-1	0	-1	0	-1	0
103	{0}【主】{1}前往湖泊	5380	0	11725	3908	-1	-1	-1	-1	-1	0	-1	0	-1	0	-1	0	-1	0	0	-1	0	-1	0	-1	0
104	{0}【主】{1}缺少工具	0	0	0	0	-1	-1	-1	-1	-1	0	-1	0	-1	0	-1	0	-1	0	0	-1	0	-1	0	-1	0
105	{0}【主】{1}兽人交流	13449	0	29311	9770	-1	-1	-1	-1	-1	0	-1	0	-1	0	-1	0	-1	0	0	-1	0	-1	0	-1	0
106	{0}【主】{1}兽人求助	11715	0	60433	20144	-1	-1	-1	-1	-1	0	-1	0	-1	0	-1	0	65302	1	0	-1	0	-1	0	-1	0
107	{0}【主】{1}兽人异变	5858	0	30217	10072	-1	-1	-1	-1	-1	0	-1	0	-1	0	-1	0	65602	1	0	-1	0	-1	0	-1	0
108	{0}【主】{1}事件重点	5858	0	30217	10072	-1	-1	-1	-1	-1	0	-1	0	-1	0	-1	0	-1	0	0	-1	0	-1	0	-1	0
109	{0}【主】{1}兽人斥候	58572	0	302163	100721	-1	-1	-1	-1	-1	0	-1	0	-1	0	-1	0	-1	0	0	-1	0	-1	0	-1	0
110	{0}【主】{1}人类女性	7828	0	28216	9405	4015	10	4025	10	34604	1	35604	1	37604	1	36604	1	-1	0	0	-1	0	-1	0	-1	0
111	{0}【主】{1}限制增强	3914	0	14108	4703	-1	-1	-1	-1	-1	0	-1	0	-1	0	-1	0	-1	0	0	-1	0	-1	0	-1	0
112	{0}【主】{1}采集魔药	11741	0	42323	14108	-1	-1	-1	-1	-1	0	-1	0	-1	0	-1	0	-1	0	0	-1	0	-1	0	-1	0
113	{0}【主】{1}护法	58705	0	211615	70538	125	3	-1	-1	-1	0	-1	0	-1	0	-1	0	-1	0	0	-1	0	-1	0	-1	0
114	{0}【主】{1}魔力恢复	3225	0	14187	4729	-1	-1	-1	-1	-1	0	-1	0	-1	0	-1	0	-1	0	0	-1	0	-1	0	-1	0
115	{0}【主】{1}清除前锋	32250	0	141868	47289	-1	-1	-1	-1	34204	1	35204	1	37204	1	36204	1	-1	0	0	-1	0	-1	0	-1	0
116	{0}【主】{1}潜伏女贼	6450	0	28374	9458	-1	-1	-1	-1	-1	0	-1	0	-1	0	-1	0	-1	0	0	-1	0	-1	0	-1	0
117	{0}【主】{1}兽人军队	3225	0	14187	4729	-1	-1	-1	-1	-1	0	-1	0	-1	0	-1	0	-1	0	0	-1	0	-1	0	-1	0
118	{0}【主】{1}变装潜入	29025	0	127681	42560	-1	-1	-1	-1	-1	0	-1	0	-1	0	-1	0	-1	0	0	-1	0	-1	0	-1	0
119	{0}【主】{1}纸条	0	0	0	0	-1	-1	-1	-1	-1	0	-1	0	-1	0	-1	0	-1	0	0	-1	0	-1	0	-1	0
120	{0}【主】{1}故人	16125	0	70934	23645	-1	-1	-1	-1	-1	0	-1	0	-1	0	-1	0	-1	0	0	-1	0	-1	0	-1	0
121	{0}【主】{1}寻找银木	5256	0	24138	8046	-1	-1	-1	-1	-1	0	-1	0	-1	0	-1	0	-1	0	0	-1	0	-1	0	-1	0
122	{0}【主】{1}搜索小队	26278	0	120686	40229	-1	-1	-1	-1	34304	1	35304	1	37304	1	36304	1	-1	0	0	-1	0	-1	0	-1	0
123	{0}【主】{1}攻击信号	519	0	59	20	-1	-1	-1	-1	-1	0	-1	0	-1	0	-1	0	-1	0	0	-1	0	-1	0	-1	0
124	{0}【主】{1}安慰	17679	0	84624	28208	-1	-1	-1	-1	-1	0	-1	0	-1	0	-1	0	-1	0	0	-1	0	-1	0	-1	0
125	{0}【主】{1}阴谋	3536	0	16925	5642	-1	-1	-1	-1	-1	0	-1	0	-1	0	-1	0	-1	0	0	-1	0	-1	0	-1	0
126	{0}【主】{1}又见贵妇	3300	0	2400	800	-1	-1	-1	-1	-1	0	-1	0	-1	0	-1	0	-1	0	0	-1	0	-1	0	-1	0
127	{0}【主】{1}部落内情	6469	0	31609	10536	-1	-1	-1	-1	-1	0	-1	0	-1	0	-1	0	-1	0	0	-1	0	-1	0	-1	0
128	{0}【主】{1}理智失控	16172	0	79021	26340	-1	-1	-1	-1	-1	0	-1	0	-1	0	-1	0	-1	0	0	-1	0	-1	0	-1	0
129	{0}【主】{1}速速离去	6469	0	31609	10536	-1	-1	-1	-1	-1	0	-1	0	-1	0	-1	0	-1	0	0	-1	0	-1	0	-1	0
130	{0}【主】{1}水中遗迹	16172	0	79021	26340	-1	-1	-1	-1	-1	0	-1	0	-1	0	-1	0	-1	0	0	-1	0	-1	0	-1	0
131	{0}【主】{1}遗迹僵尸	38608	0	196158	65386	56537	20	-1	-1	-1	0	-1	0	-1	0	-1	0	-1	0	0	-1	0	-1	0	-1	0
132	{0}【主】{1}回归重点	23500	0	123979	41326	4015	10	4025	10	-1	0	-1	0	-1	0	-1	0	-1	0	0	-1	0	-1	0	-1	0
133	{0}【主】{1}僵尸外游	47000	0	247958	82653	23	3	-1	-1	-1	0	-1	0	-1	0	-1	0	-1	0	0	-1	0	-1	0	-1	0
134	{0}【主】{1}接应	10691	0	58489	19496	-1	-1	-1	-1	-1	0	-1	0	-1	0	-1	0	-1	0	0	-1	0	-1	0	-1	0
135	{0}【主】{1}异变加剧	5346	0	29245	9748	-1	-1	-1	-1	-1	0	-1	0	-1	0	-1	0	-1	0	0	-1	0	-1	0	-1	0
136	{0}【主】{1}残暴兽人	53455	0	292445	97482	24	5	-1	-1	-1	0	-1	0	-1	0	-1	0	-1	0	0	-1	0	-1	0	-1	0
137	{0}【主】{1}兽人大营	1050	0	192	64	-1	-1	-1	-1	-1	0	-1	0	-1	0	-1	0	-1	0	0	-1	0	-1	0	-1	0
138	{0}【主】{1}可疑人物	12250	0	79328	26443	-1	-1	-1	-1	-1	0	-1	0	-1	0	-1	0	-1	0	0	-1	0	-1	0	-1	0
139	{0}【主】{1}自辩	30625	0	198320	66107	-1	-1	-1	-1	-1	0	-1	0	-1	0	-1	0	-1	0	0	-1	0	-1	0	-1	0
140	{0}【主】{1}无可奈何	12250	0	79328	26443	-1	-1	-1	-1	-1	0	-1	0	-1	0	-1	0	-1	0	0	-1	0	-1	0	-1	0
141	{0}【主】{1}旁若无物	57955	0	381939	127313	-1	-1	-1	-1	-1	0	-1	0	-1	0	-1	0	-1	0	0	-1	0	-1	0	-1	0
142	{0}【主】{1}了然于心	19319	0	127313	42438	-1	-1	-1	-1	-1	0	-1	0	-1	0	-1	0	-1	0	0	-1	0	-1	0	-1	0
143	{0}【主】{1}争取时间	34895	0	208057	69352	4016	10	4026	10	-1	0	-1	0	-1	0	-1	0	-1	0	0	-1	0	-1	0	-1	0
144	{0}【主】{1}可疑机械	3490	0	20806	6935	-1	-1	-1	-1	-1	0	-1	0	-1	0	-1	0	-1	0	0	-1	0	-1	0	-1	0
145	{0}【主】{1}少女被挟	8250	0	6000	2000	-1	-1	-1	-1	-1	0	-1	0	-1	0	-1	0	-1	0	0	-1	0	-1	0	-1	0
146	{0}【主】{1}宽宏大量	31406	0	187251	62417	-1	-1	-1	-1	38605	1	39605	1	41605	1	40605	1	65203	1	0	-1	0	-1	0	-1	0
147	{0}【主】{1}第六贤者	7728	0	50926	16975	-1	-1	-1	-1	-1	0	-1	0	-1	0	-1	0	65303	1	0	-1	0	-1	0	-1	0
148	{0}【主】{1}报告事情	6125	0	39664	13221	-1	-1	-1	-1	-1	0	-1	0	-1	0	-1	0	65603	1	0	-1	0	-1	0	-1	0
149	{0}【主】{1}机械守卫	61250	0	396640	132213	-1	-1	-1	-1	34704	1	35704	1	37704	1	36704	1	-1	0	0	-1	0	-1	0	-1	0
150	{0}【主】{1}机械蜘蛛	38637	0	254626	84875	-1	-1	-1	-1	-1	0	-1	0	-1	0	-1	0	-1	0	0	-1	0	-1	0	-1	0
151	{0}【主】{1}探查要塞	0	0	0	0	-1	-1	-1	-1	-1	0	-1	0	-1	0	-1	0	-1	0	0	-1	0	-1	0	-1	0
152	{0}【主】{1}另一贤者	3864	0	25463	8488	-1	-1	-1	-1	-1	0	-1	0	-1	0	-1	0	-1	0	0	-1	0	-1	0	-1	0
153	{0}【主】{1}战场求生	0	0	0	0	-1	-1	-1	-1	-1	0	-1	0	-1	0	-1	0	-1	0	0	-1	0	-1	0	-1	0
154	{0}【主】{1}雪地生物	17550	0	4088	1363	-1	-1	-1	-1	30402	1	31402	1	33402	1	32402	1	-1	0	0	-1	0	-1	0	-1	0
155	{0}【主】{1}状况不明	1755	0	409	136	-1	-1	-1	-1	-1	0	-1	0	-1	0	-1	0	-1	0	0	-1	0	-1	0	-1	0
156	{0}【主】{1}巨魔宝物	42300	0	223162	74387	-1	-1	-1	-1	-1	0	-1	0	-1	0	-1	0	-1	0	0	-1	0	-1	0	-1	0
157	{0}【主】{1}翘学少女	2363	0	552	184	-1	-1	-1	-1	-1	0	-1	0	-1	0	-1	0	-1	0	0	-1	0	-1	0	-1	0
158	{0}【主】{1}贵妇	1182	0	276	92	-1	-1	-1	-1	-1	0	-1	0	-1	0	-1	0	-1	0	0	-1	0	-1	0	-1	0
159	{0}【主】{1}清理僵尸	11813	0	2758	919	23	1	-1	-1	-1	0	-1	0	-1	0	-1	0	-1	0	0	-1	0	-1	0	-1	0
160	{0}【主】{1}珍贵资料	3544	0	828	276	-1	-1	-1	-1	-1	0	-1	0	-1	0	-1	0	-1	0	0	-1	0	-1	0	-1	0
161	{0}【主】{1}学者下落	1182	0	276	92	-1	-1	-1	-1	-1	0	-1	0	-1	0	-1	0	-1	0	0	-1	0	-1	0	-1	0
162	{0}【主】{1}僵尸围城	17719	0	4137	1379	-1	-1	-1	-1	-1	0	-1	0	-1	0	-1	0	-1	0	0	-1	0	-1	0	-1	0
163	{0}【主】{1}大门紧闭	4060	0	1900	633	-1	-1	-1	-1	-1	0	-1	0	-1	0	-1	0	-1	0	0	-1	0	-1	0	-1	0
164	{0}【主】{1}机械古堡	25650	0	28080	9360	-1	-1	-1	-1	-1	0	-1	0	-1	0	-1	0	-1	0	0	-1	0	-1	0	-1	0
165	{0}【主】{1}奇妙空间	1440	0	193	64	-1	-1	-1	-1	-1	0	-1	0	-1	0	-1	0	-1	0	0	-1	0	-1	0	-1	0
166	{0}【主】{1}报告	7266	0	3969	1323	-1	-1	-1	-1	-1	0	-1	0	-1	0	-1	0	-1	0	0	-1	0	-1	0	-1	0
167	{0}【主】{1}科技苑	31406	0	187251	62417	-1	-1	-1	-1	-1	0	-1	0	-1	0	-1	0	-1	0	0	-1	0	-1	0	-1	0
168	{0}【主】{1}良师益友		0			-1	-1	-1	-1	-1	0	-1	0	-1	0	-1	0	-1	0	0	-1	0	-1	0	-1	0
169	{0}【主】{1}回报成效		0			-1	-1	-1	-1	-1	0	-1	0	-1	0	-1	0	-1	0	0	-1	0	-1	0	-1	0
170	{0}【主】{1}提前出发	8000	0	5065	1688	4014	10	4024	10	-1	0	-1	0	-1	0	-1	0	-1	0	0	-1	0	-1	0	-1	0
171	{0}【主】{1}回程	3200	0	2026	675	-1	-1	-1	-1	-1	0	-1	0	-1	0	-1	0	-1	0	0	-1	0	-1	0	-1	0
172	{0}【主】{1}再回冰封	14400	0	9117	3039	-1	-1	-1	-1	-1	0	-1	0	-1	0	-1	0	-1	0	0	-1	0	-1	0	-1	0
173	{0}【主】{1}中伏	21049	0	9871	3290	-1	-1	-1	-1	30702	1	31702	1	33702	1	32702	1	-1	0	0	-1	0	-1	0	-1	0
174	{0}【主】{1}幕后有人	8000	0	5065	1688	-1	-1	-1	-1	-1	0	-1	0	-1	0	-1	0	-1	0	0	-1	0	-1	0	-1	0
175	{0}【主】{1}秘密研究	36540	0	17100	5700	-1	-1	-1	-1	-1	0	-1	0	-1	0	-1	0	-1	0	0	-1	0	-1	0	-1	0
176	{0}【主】{1}接应	3300	0	2400	800	-1	-1	-1	-1	-1	0	-1	0	-1	0	-1	0	-1	0	0	-1	0	-1	0	-1	0
177	{0}【主】{1}壮硕博士	8250	0	6000	2000	-1	-1	-1	-1	-1	0	-1	0	-1	0	-1	0	-1	0	0	-1	0	-1	0	-1	0
178	{0}【主】{1}重重守护	4950	0	3600	1200	-1	-1	-1	-1	-1	0	-1	0	-1	0	-1	0	-1	0	0	-1	0	-1	0	-1	0
179	{0}【主】{1}魔界傀儡	23375	0	19334	6445	-1	-1	-1	-1	34303	1	35303	1	37303	1	36303	1	-1	0	0	-1	0	-1	0	-1	0
180	{0}【主】{1}幕后黑手	0	0	0	0	-1	-1	-1	-1	-1	0	-1	0	-1	0	-1	0	-1	0	0	-1	0	-1	0	-1	0
181	{0}【主】{1}事情处理	11688	0	9667	3222	-1	-1	-1	-1	-1	0	-1	0	-1	0	-1	0	-1	0	0	-1	0	-1	0	-1	0
182	{0}【主】{1}请求支援	13223	0	12312	4104	-1	-1	-1	-1	-1	0	-1	0	-1	0	-1	0	-1	0	0	-1	0	-1	0	-1	0
183	{0}【主】{1}碍事生物	16500	0	12000	4000	-1	-1	-1	-1	34203	1	35203	1	37203	1	36203	1	-1	0	0	-1	0	-1	0	-1	0
184	{0}【主】{1}少女潜力	8250	0	6000	2000	-1	-1	-1	-1	-1	0	-1	0	-1	0	-1	0	-1	0	0	-1	0	-1	0	-1	0
185	{0}【主】{1}营地前哨	39417	0	181029	60343	56537	10	-1	-1	-1	0	-1	0	-1	0	-1	0	-1	0	0	-1	0	-1	0	-1	0
186	{0}【主】{1}攻击计划	17679	0	84624	28208	-1	-1	-1	-1	-1	0	-1	0	-1	0	-1	0	-1	0	0	-1	0	-1	0	-1	0
187	{0}【主】{1}废弃都市	29110	0	142237	47412	-1	-1	-1	-1	-1	0	-1	0	-1	0	-1	0	-1	0	0	-1	0	-1	0	-1	0
188	{0}【主】{1}通知计划	7072	0	33850	11283	-1	-1	-1	-1	-1	0	-1	0	-1	0	-1	0	-1	0	0	-1	0	-1	0	-1	0
189	{0}【主】{1}质疑	17679	0	84624	28208	-1	-1	-1	-1	34504	1	35504	1	37504	1	36504	1	-1	0	0	-1	0	-1	0	-1	0
190	{0}【主】{1}修尔克	17679	0	84624	28208	-1	-1	-1	-1	-1	0	-1	0	-1	0	-1	0	-1	0	0	-1	0	-1	0	-1	0
191	{0}【主】{1}前往要塞	7072	0	33850	11283	-1	-1	-1	-1	-1	0	-1	0	-1	0	-1	0	-1	0	0	-1	0	-1	0	-1	0
192	{0}【主】{1}消除隐患	11207	0	5207	1736	-1	-1	-1	-1	30502	1	31502	1	33502	1	32502	1	-1	0	0	-1	0	-1	0	-1	0
193	{0}【主】{1}采集水样	10608	0	50775	16925	-1	-1	-1	-1	-1	0	-1	0	-1	0	-1	0	-1	0	0	-1	0	-1	0	-1	0
194	{0}【主】{1}追缉	6979	0	41612	13871	-1	-1	-1	-1	-1	0	-1	0	-1	0	-1	0	-1	0	0	-1	0	-1	0	-1	0
195	{0}【主】{1}绳之以法	0	0	0	0	-1	-1	-1	-1	-1	0	-1	0	-1	0	-1	0	-1	0	0	-1	0	-1	0	-1	0
196	{0}【主】{1}沉默不语	17448	0	104029	34676	-1	-1	-1	-1	-1	0	-1	0	-1	0	-1	0	-1	0	0	-1	0	-1	0	-1	0
197	{0}【主】{1}报告	6979	0	41612	13871	-1	-1	-1	-1	-1	0	-1	0	-1	0	-1	0	65204	1	0	-1	0	-1	0	-1	0
198	{0}【主】{1}批准帮忙	39372	0	242468	80823	-1	-1	-1	-1	38105	1	39105	1	41105	1	40105	1	65304	1	0	-1	0	-1	0	-1	0
199	{0}【主】{1}事情进展	19686	0	121234	40411	-1	-1	-1	-1	-1	0	-1	0	-1	0	-1	0	65604	1	0	-1	0	-1	0	-1	0
200	{0}【主】{1}出发之前	39372	0	242468	80823	-1	-1	-1	-1	-1	0	-1	0	-1	0	-1	0	-1	0	0	-1	0	-1	0	-1	0
201	{0}【主】{1}目击证人	0	0	0	0	-1	-1	-1	-1	-1	0	-1	0	-1	0	-1	0	-1	0	0	-1	0	-1	0	-1	0
202	{0}【主】{1}已经离去	0	0	0	0	-1	-1	-1	-1	-1	0	-1	0	-1	0	-1	0	-1	0	0	-1	0	-1	0	-1	0
203	{0}【主】{1}遗忘废墟	39372	0	242468	80823	-1	-1	-1	-1	-1	0	-1	0	-1	0	-1	0	-1	0	0	-1	0	-1	0	-1	0
204	{0}【主】{1}沙狼泛滥	51108	0	324775	108258	135	10	-1	-1	-1	0	-1	0	-1	0	-1	0	-1	0	0	-1	0	-1	0	-1	0
205	{0}【主】{1}咨询详情	25554	0	162388	54129	-1	-1	-1	-1	-1	0	-1	0	-1	0	-1	0	-1	0	0	-1	0	-1	0	-1	0
206	{0}【主】{1}再会佣兵	10222	0	64955	21652	-1	-1	-1	-1	-1	0	-1	0	-1	0	-1	0	-1	0	0	-1	0	-1	0	-1	0
207	{0}【主】{1}不慎中毒	5111	0	32478	10826	-1	-1	-1	-1	-1	0	-1	0	-1	0	-1	0	-1	0	0	-1	0	-1	0	-1	0
208	{0}【主】{1}解毒药草	51108	0	324775	108258	-1	-1	-1	-1	38205	1	39205	1	41205	1	40205	1	-1	0	0	-1	0	-1	0	-1	0
209	{0}【主】{1}清除毒蝎	59400	0	444743	148248	23	3	-1	-1	-1	0	-1	0	-1	0	-1	0	-1	0	0	-1	0	-1	0	-1	0
210	{0}【主】{1}巨大魔力	5940	0	44475	14825	-1	-1	-1	-1	-1	0	-1	0	-1	0	-1	0	-1	0	0	-1	0	-1	0	-1	0
211	{0}【主】{1}少女长老	11880	0	88949	29650	-1	-1	-1	-1	-1	0	-1	0	-1	0	-1	0	-1	0	0	-1	0	-1	0	-1	0
212	{0}【主】{1}村落现状	5940	0	44475	14825	-1	-1	-1	-1	-1	0	-1	0	-1	0	-1	0	-1	0	0	-1	0	-1	0	-1	0
213	{0}【主】{1}询问旅人	11880	0	88949	29650	-1	-1	-1	-1	-1	0	-1	0	-1	0	-1	0	-1	0	0	-1	0	-1	0	-1	0
214	{0}【主】{1}意外之灾	5940	0	44475	14825	-1	-1	-1	-1	-1	0	-1	0	-1	0	-1	0	-1	0	0	-1	0	-1	0	-1	0
215	{0}【主】{1}求助长老	11880	0	88949	29650	-1	-1	-1	-1	-1	0	-1	0	-1	0	-1	0	-1	0	0	-1	0	-1	0	-1	0
216	{0}【主】{1}兽人祭司	17820	0	133423	44474	-1	-1	-1	-1	-1	0	-1	0	-1	0	-1	0	-1	0	0	-1	0	-1	0	-1	0
217	{0}【主】{1}召唤神器	17820	0	133423	44474	-1	-1	-1	-1	38305	1	39305	1	41305	1	40305	1	-1	0	0	-1	0	-1	0	-1	0
218	{0}【主】{1}破除诅咒	40345	0	87932	29311	-1	-1	-1	-1	-1	0	-1	0	-1	0	-1	0	-1	0	0	-1	0	-1	0	-1	0
219	{0}【主】{1}询问诅咒	9059	0	60262	20087	-1	-1	-1	-1	-1	0	-1	0	-1	0	-1	0	-1	0	0	-1	0	-1	0	-1	0
220	{0}【主】{1}担心伙伴	9059	0	60262	20087	-1	-1	-1	-1	-1	0	-1	0	-1	0	-1	0	-1	0	0	-1	0	-1	0	-1	0
221	{0}【主】{1}触景生情	4530	0	30131	10044	-1	-1	-1	-1	-1	0	-1	0	-1	0	-1	0	-1	0	0	-1	0	-1	0	-1	0
222	{0}【主】{1}入侵者	45295	0	301307	100436	-1	-1	-1	-1	38405	1	39405	1	41405	1	40405	1	-1	0	0	-1	0	-1	0	-1	0
223	{0}【主】{1}鬼祟之人	11400	0	97973	32658	-1	-1	-1	-1	-1	0	-1	0	-1	0	-1	0	-1	0	0	-1	0	-1	0	-1	0
224	{0}【主】{1}魔物追杀	5700	0	48987	16329	-1	-1	-1	-1	-1	0	-1	0	-1	0	-1	0	-1	0	0	-1	0	-1	0	-1	0
225	{0}【主】{1}阴魂不散	57000	0	489865	163288	24	5	-1	-1	-1	0	-1	0	-1	0	-1	0	-1	0	0	-1	0	-1	0	-1	0
226	{0}【主】{1}一绝后患	85500	0	734798	244933	-1	-1	-1	-1	38505	1	39505	1	41505	1	40505	1	-1	0	0	-1	0	-1	0	-1	0
227	{0}【主】{1}疑惑	30612	0	268200	89400	-1	-1	-1	-1	-1	0	-1	0	-1	0	-1	0	65607	1	0	-1	0	-1	0	-1	0
228	{0}【主】{1}结伴而行	12245	0	107280	35760	-1	-1	-1	-1	-1	0	-1	0	-1	0	-1	0	-1	0	0	-1	0	-1	0	-1	0
229	{0}【主】{1}边缘现状	6123	0	53640	17880	-1	-1	-1	-1	-1	0	-1	0	-1	0	-1	0	-1	0	0	-1	0	-1	0	-1	0
230	{0}【主】{1}融合种	61223	0	536400	178800	60	1	-1	-1	-1	0	-1	0	-1	0	-1	0	-1	0	0	-1	0	-1	0	-1	0
231	{0}【主】{1}探查异常	23332	0	208355	69452	-1	-1	-1	-1	-1	0	-1	0	-1	0	-1	0	-1	0	0	-1	0	-1	0	-1	0
232	{0}【主】{1}暗中观察	7778	0	69452	23151	-1	-1	-1	-1	-1	0	-1	0	-1	0	-1	0	-1	0	0	-1	0	-1	0	-1	0
233	{0}【主】{1}缄口不言	15555	0	138903	46301	-1	-1	-1	-1	-1	0	-1	0	-1	0	-1	0	66304	0	0	-1	0	-1	0	-1	0
234	{0}【主】{1}发现甚少	7778	0	69452	23151	-1	-1	-1	-1	-1	0	-1	0	-1	0	-1	0	66305	0	0	-1	0	-1	0	-1	0
235	{0}【主】{1}护送	116660	0	1041772	347257	-1	-1	-1	-1	38705	1	39705	1	41705	1	40705	1	66306	0	0	-1	0	-1	0	-1	0
236	{0}【主】{1}不加责备	17700	0	161067	53689	-1	-1	-1	-1	-1	0	-1	0	-1	0	-1	0	-1	0	0	-1	0	-1	0	-1	0
237	{0}【主】{1}巨猿军队	53100	0	483200	161067	-1	-1	-1	-1	-1	0	-1	0	-1	0	-1	0	-1	0	0	-1	0	-1	0	-1	0
238	{0}【主】{1}不懂机械	35400	0	322133	107378	-1	-1	-1	-1	-1	0	-1	0	-1	0	-1	0	-1	0	0	-1	0	-1	0	-1	0
239	{0}【主】{1}收集证据	53100	0	483200	161067	24	5	-1	-1	-1	0	-1	0	-1	0	-1	0	-1	0	0	-1	0	-1	0	-1	0
240	{0}【主】{1}有人操纵	17700	0	161067	53689	-1	-1	-1	-1	-1	0	-1	0	-1	0	-1	0	-1	0	0	-1	0	-1	0	-1	0
241	{0}【主】{1}请教盗贼	24400	0	193889	64630	-1	-1	-1	-1	-1	0	-1	0	-1	0	-1	0	-1	0	0	-1	0	-1	0	-1	0
242	{0}【主】{1}机关林立	12200	0	96945	32315	-1	-1	-1	-1	-1	0	-1	0	-1	0	-1	0	-1	0	0	-1	0	-1	0	-1	0
243	{0}【主】{1}求助长老	24400	0	193889	64630	-1	-1	-1	-1	-1	0	-1	0	-1	0	-1	0	-1	0	0	-1	0	-1	0	-1	0
244	{0}【主】{1}神圣禁地	12200	0	96945	32315	-1	-1	-1	-1	-1	0	-1	0	-1	0	-1	0	-1	0	0	-1	0	-1	0	-1	0
245	{0}【主】{1}符文	29110	0	142237	47412	-1	-1	-1	-1	34404	1	35404	1	37404	1	36404	1	-1	0	0	-1	0	-1	0	-1	0
246	{0}【主】{1}记忆丧失	61000	0	484722	161574	-1	-1	-1	-1	-1	0	-1	0	-1	0	-1	0	-1	0	0	-1	0	-1	0	-1	0
247	{0}【主】{1}雷纳堡	24400	0	193889	64630	-1	-1	-1	-1	38606	1	39606	1	41606	1	40606	1	-1	0	0	-1	0	-1	0	-1	0
248	{0}【主】{1}融合生物	145462	0	1560397	520132	4017	10	4027	10	-1	0	-1	0	-1	0	-1	0	-1	0	0	-1	0	-1	0	-1	0
249	{0}【主】{1}邪恶实验	14547	0	156040	52013	-1	-1	-1	-1	-1	0	-1	0	-1	0	-1	0	-1	0	0	-1	0	-1	0	-1	0
250	{0}【主】{1}会合佣兵	29093	0	312080	104027	-1	-1	-1	-1	38106	1	39106	1	41106	1	40106	1	-1	0	0	-1	0	-1	0	-1	0
251	{0}【主】{1}高级融合	78120	0	926506	308835	112	5	-1	-1	-1	0	-1	0	-1	0	-1	0	-1	0	0	-1	0	-1	0	-1	0
252	{0}【主】{1}抓捕	117180	0	1389759	463253	-1	-1	-1	-1	38206	1	39206	1	41206	1	40206	1	-1	0	0	-1	0	-1	0	-1	0
253	{0}【主】{1}滑稽身影	33600	0	187133	62378	-1	-1	-1	-1	-1	0	-1	0	-1	0	-1	0	-1	0	0	-1	0	-1	0	-1	0
254	{0}【主】{1}误打误撞	16800	0	93567	31189	-1	-1	-1	-1	-1	0	-1	0	-1	0	-1	0	-1	0	0	-1	0	-1	0	-1	0
255	{0}【主】{1}第七贤者	33600	0	187133	62378	-1	-1	-1	-1	-1	0	-1	0	-1	0	-1	0	-1	0	0	-1	0	-1	0	-1	0
256	{0}【主】{1}追捕受阻	16800	0	93567	31189	-1	-1	-1	-1	-1	0	-1	0	-1	0	-1	0	-1	0	0	-1	0	-1	0	-1	0
257	{0}【主】{1}机械反叛	50400	0	280699	93566	-1	-1	-1	-1	-1	0	-1	0	-1	0	-1	0	-1	0	0	-1	0	-1	0	-1	0
258	{0}【主】{1}于心不忍	99048	0	199978	66659	-1	-1	-1	-1	38406	1	39406	1	41406	1	40406	1	-1	0	0	-1	0	-1	0	-1	0
259	{0}【主】{1}机械控制	49524	0	99989	33330	-1	-1	-1	-1	-1	0	-1	0	-1	0	-1	0	-1	0	0	-1	0	-1	0	-1	0
260	{0}【主】{1}自首	19810	0	39996	13332	-1	-1	-1	-1	-1	0	-1	0	-1	0	-1	0	-1	0	0	-1	0	-1	0	-1	0
261	{0}【主】{1}疑惑	9905	0	19998	6666	-1	-1	-1	-1	-1	0	-1	0	-1	0	-1	0	-1	0	0	-1	0	-1	0	-1	0
262	{0}【主】{1}熟悉之人	19810	0	39996	13332	-1	-1	-1	-1	-1	0	-1	0	-1	0	-1	0	-1	0	0	-1	0	-1	0	-1	0
263	{0}【主】{1}进入理由	9905	0	19998	6666	-1	-1	-1	-1	-1	0	-1	0	-1	0	-1	0	-1	0	0	-1	0	-1	0	-1	0
264	{0}【主】{1}防御启动	85800	0	748816	249605	112	5	-1	-1	-1	0	-1	0	-1	0	-1	0	-1	0	0	-1	0	-1	0	-1	0
265	{0}【主】{1}守卫者	128700	0	1123224	374408	-1	-1	-1	-1	38506	1	39506	1	41506	1	40506	1	-1	0	0	-1	0	-1	0	-1	0
266	{0}【主】{1}逃离	63172	0	478652	159551	112	5	-1	-1	-1	0	-1	0	-1	0	-1	0	-1	0	0	-1	0	-1	0	-1	0
267	{0}【主】{1}关闭入口	31586	0	239326	79775	-1	-1	-1	-1	-1	0	-1	0	-1	0	-1	0	-1	0	0	-1	0	-1	0	-1	0
268	{0}【主】{1}善后处理	63172	0	478652	159551	-1	-1	-1	-1	-1	0	-1	0	-1	0	-1	0	-1	0	0	-1	0	-1	0	-1	0
269	{0}【主】{1}有言相告	63172	0	478652	159551	-1	-1	-1	-1	-1	0	-1	0	-1	0	-1	0	-1	0	0	-1	0	-1	0	-1	0
270	{0}【主】{1}良心发现	48767	0	966316	322105	-1	-1	-1	-1	-1	0	-1	0	-1	0	-1	0	-1	0	0	-1	0	-1	0	-1	0
271	{0}【主】{1}通知长老	97534	0	1932631	644210	-1	-1	-1	-1	-1	0	-1	0	-1	0	-1	0	-1	0	0	-1	0	-1	0	-1	0
272	{0}【主】{1}感谢贤者	97534	0	1932631	644210	-1	-1	-1	-1	-1	0	-1	0	-1	0	-1	0	-1	0	0	-1	0	-1	0	-1	0
273	{0}【主】{1}交付任务	48767	0	966316	322105	-1	-1	-1	-1	-1	0	-1	0	-1	0	-1	0	-1	0	0	-1	0	-1	0	-1	0
274	{0}【主】{1}不安贤者	15094	0	155347	51782	-1	-1	-1	-1	-1	0	-1	0	-1	0	-1	0	-1	0	0	-1	0	-1	0	-1	0
275	{0}【主】{1}记忆	7309	0	81859	27286	-1	-1	-1	-1	-1	0	-1	0	-1	0	-1	0	-1	0	0	-1	0	-1	0	-1	0
276	{0}【主】{1}止痛草	21927	0	245576	81859	-1	-1	-1	-1	-1	0	-1	0	-1	0	-1	0	-1	0	0	-1	0	-1	0	-1	0
277	{0}【主】{1}神话种	109633	0	1227878	409293	-1	-1	-1	-1	42607	1	43607	1	45607	1	44607	1	-1	0	0	-1	0	-1	0	-1	0
278	{0}【主】{1}亡灵冰塔	10838	0	214737	71579	-1	-1	-1	-1	-1	0	-1	0	-1	0	-1	0	-1	0	0	-1	0	-1	0	-1	0
279	{0}【主】{1}告别	21675	0	429474	143158	-1	-1	-1	-1	-1	0	-1	0	-1	0	-1	0	-1	0	0	-1	0	-1	0	-1	0
280	{0}【主】{1}继续追寻	10838	0	214737	71579	-1	-1	-1	-1	-1	0	-1	0	-1	0	-1	0	-1	0	0	-1	0	-1	0	-1	0
281	{0}【主】{1}出发冰塔	21675	0	429474	143158	-1	-1	-1	-1	-1	0	-1	0	-1	0	-1	0	-1	0	0	-1	0	-1	0	-1	0
282	{0}【主】{1}时过境迁	10838	0	214737	71579	-1	-1	-1	-1	-1	0	-1	0	-1	0	-1	0	-1	0	0	-1	0	-1	0	-1	0
283	{0}【主】{1}询问守卫	24024	0	518072	172691	-1	-1	-1	-1	-1	0	-1	0	-1	0	-1	0	-1	0	0	-1	0	-1	0	-1	0
284	{0}【主】{1}冰塔现状	12012	0	259036	86345	-1	-1	-1	-1	-1	0	-1	0	-1	0	-1	0	-1	0	0	-1	0	-1	0	-1	0
285	{0}【主】{1}顶角怪狮	120120	0	2590360	863453	60	3	-1	-1	-1	0	-1	0	-1	0	-1	0	-1	0	0	-1	0	-1	0	-1	0
286	{0}【主】{1}赏金猎人	24024	0	518072	172691	-1	-1	-1	-1	-1	0	-1	0	-1	0	-1	0	-1	0	0	-1	0	-1	0	-1	0
287	{0}【主】{1}试探	120120	0	2590360	863453	24	10	-1	-1	-1	0	-1	0	-1	0	-1	0	-1	0	0	-1	0	-1	0	-1	0
288	{0}【主】{1}近期突变	14005	0	326538	108846	-1	-1	-1	-1	-1	0	-1	0	-1	0	-1	0	-1	0	0	-1	0	-1	0	-1	0
289	{0}【主】{1}再会博士	28010	0	653075	217692	-1	-1	-1	-1	-1	0	-1	0	-1	0	-1	0	-1	0	0	-1	0	-1	0	-1	0
290	{0}【主】{1}魔力矿石	14005	0	326538	108846	-1	-1	-1	-1	-1	0	-1	0	-1	0	-1	0	-1	0	0	-1	0	-1	0	-1	0
291	{0}【主】{1}收集矿石	42014	0	979612	326537	-1	-1	-1	-1	-1	0	-1	0	-1	0	-1	0	-1	0	0	-1	0	-1	0	-1	0
292	{0}【主】{1}新注魔力	210069	0	4898056	1632685	-1	-1	-1	-1	38807	1	39807	1	41807	1	40807	1	-1	0	0	-1	0	-1	0	-1	0
293	{0}【主】{1}少女状况	35112	0	880245	293415	-1	-1	-1	-1	-1	0	-1	0	-1	0	-1	0	-1	0	0	-1	0	-1	0	-1	0
294	{0}【主】{1}少女回忆	17556	0	440123	146708	-1	-1	-1	-1	-1	0	-1	0	-1	0	-1	0	-1	0	0	-1	0	-1	0	-1	0
295	{0}【主】{1}复仇	263334	0	6601838	2200613	-1	-1	-1	-1	38907	1	39907	1	41907	1	40907	1	-1	0	0	-1	0	-1	0	-1	0
296	{0}【主】{1}寻求盟友	38118	0	1038470	346157	-1	-1	-1	-1	-1	0	-1	0	-1	0	-1	0	-1	0	0	-1	0	-1	0	-1	0
297	{0}【主】{1}来龙去脉	19059	0	519235	173078	-1	-1	-1	-1	-1	0	-1	0	-1	0	-1	0	-1	0	0	-1	0	-1	0	-1	0
298	{0}【主】{1}拦路恶犬	190589	0	5192349	1730783	60	3	-1	-1	-1	0	-1	0	-1	0	-1	0	-1	0	0	-1	0	-1	0	-1	0
299	{0}【主】{1}告诫	19059	0	519235	173078	-1	-1	-1	-1	-1	0	-1	0	-1	0	-1	0	-1	0	0	-1	0	-1	0	-1	0
300	{0}【主】{1}转达	38118	0	1038470	346157	-1	-1	-1	-1	-1	0	-1	0	-1	0	-1	0	-1	0	0	-1	0	-1	0	-1	0
301	{0}【主】{1}秘密任务	19059	0	519235	173078	-1	-1	-1	-1	42608	1	43608	1	45608	1	44608	1	-1	0	0	-1	0	-1	0	-1	0
302	{0}【主】{1}神秘少女	24400	0	193889	64630	-1	-1	-1	-1	-1	0	-1	0	-1	0	-1	0	-1	0	0	-1	0	-1	0	-1	0
303	{0}【主】{1}一诅之仇	45295	0	301307	100436	23	3	-1	-1	-1	0	-1	0	-1	0	-1	0	-1	0	0	-1	0	-1	0	-1	0
304	{0}【主】{1}摔伤草药	50400	0	280699	93566	-1	-1	-1	-1	38306	1	39306	1	41306	1	40306	1	-1	0	0	-1	0	-1	0	-1	0
305	{0}【主】{1}魔石巨人	108371	0	2147368	715789	4018	10	4028	10	-1	0	-1	0	-1	0	-1	0	-1	0	0	-1	0	-1	0	-1	0
306	{0}【主】{1}转换失控	108371	0	2147368	715789	-1	-1	-1	-1	38707	1	39707	1	41707	1	40707	1	-1	0	0	-1	0	-1	0	-1	0
307	{0}【主】{1}冒险起航	491	0	103	0	-1	-1	-1	-1	-1	0	-1	0	-1	0	-1	0	-1	0	0	-1	0	-1	0	-1	0
308	{0}【主】{1}精益求精	592	0	80	27	4012	10	4022	10	-1	0	-1	0	-1	0	-1	0	-1	0	0	-1	0	-1	0	-1	0
309	{0}【主】{1}七日狂欢	6577	0	749	250	-1	-1	-1	-1	-1	0	-1	0	-1	0	-1	0	-1	0	0	-1	0	-1	0	-1	0
310	{0}【主】{1}魔灵凝聚	14272	0	14735	4912	-1	-1	-1	-1	-1	0	-1	0	-1	0	-1	0	-1	0	0	-1	0	-1	0	-1	0
311	{0}【主】{1}魂力觉醒	2661	0	359	120	-1	-1	-1	-1	-1	0	-1	0	-1	0	-1	0	-1	0	0	-1	0	-1	0	-1	0
312	{0}【主】{1}竞技商城	0	0	0	0	-1	-1	-1	-1	-1	0	-1	0	-1	0	-1	0	-1	0	0	-1	0	-1	0	-1	0
313	{0}【主】{1}变身进阶	4320	0	578	193	-1	-1	-1	-1	-1	0	-1	0	-1	0	-1	0	-1	0	0	-1	0	-1	0	-1	0
314	{0}【主】{1}装备升星	55100	0	482760	160920	-1	-1	-1	-1	-1	0	-1	0	-1	0	-1	0	-1	0	0	-1	0	-1	0	-1	0
315	{0}【主】{1}僵尸追兵	16000	0	10130	3377	-1	-1	-1	-1	-1	0	-1	0	-1	0	-1	0	-1	0	0	-1	0	-1	0	-1	0
316	{0}【主】{1}掌门问候	200	0	40	0	-1	-1	-1	-1	-1	0	-1	0	-1	0	-1	0	-1	0	0	-1	0	-1	0	-1	0
317	{0}【主】{1}掌门问候	400	0	80	0	-1	-1	-1	-1	-1	0	-1	0	-1	0	-1	0	-1	0	0	-1	0	-1	0	-1	0
318	{0}【主】{1}掌门问候	23165	0	117695	39232	-1	-1	-1	-1	34104	1	35104	1	37104	1	36104	1	-1	0	0	-1	0	-1	0	-1	0
319	{0}【主】{1}燕子坞	23165	0	117695	39232	-1	-1	-1	-1	-1	0	-1	0	-1	0	-1	0	-1	0	0	-1	0	-1	0	-1	0
320	{0}【主】{1}燕王古墓	23165	0	117695	39232	-1	-1	-1	-1	-1	0	-1	0	-1	0	-1	0	-1	0	0	-1	0	-1	0	-1	0
321	{0}【主】{1}珍珑棋局	227800	0	1931877	643959	112	5	-1	-1	-1	0	-1	0	-1	0	-1	0	-1	0	0	-1	0	-1	0	-1	0
322	{0}【主】{1}聚贤庄	113204	0	1165098	388366	134	3	-1	-1	-1	0	-1	0	-1	0	-1	0	-1	0	0	-1	0	-1	0	-1	0
323	{0}【主】{1}少室山	0	0	0	0	-1	-1	-1	-1	-1	0	-1	0	-1	0	-1	0	-1	0	0	-1	0	-1	0	-1	0
324	{0}【主】{1}机车师	55	0	12	0	-1	-1	-1	-1	-1	0	-1	0	-1	0	-1	0	-1	0	0	-1	0	-1	0	-1	0
325	{0}【主】{1}试水	875	0	180	0	-1	-1	-1	-1	-1	0	-1	0	-1	0	-1	0	-1	0	0	-1	0	-1	0	-1	0
326	{0}【主】{1}再试	875	0	180	0	-1	-1	-1	-1	18300	1	19300	1	21300	1	20300	1	-1	0	0	-1	0	-1	0	-1	0
327	{0}【主】{1}混沌之地	0	0	0	0	-1	-1	-1	-1	-1	0	-1	0	-1	0	-1	0	-1	0	0	-1	0	-1	0	-1	0
328	{0}【主】{1}勇闯混沌	13079	0	7144	2381	-1	-1	-1	-1	34603	1	35603	1	37603	1	36603	1	-1	0	0	-1	0	-1	0	-1	0
329	{0}【环】{1}杀一儆百	0	0	0	0	-1	-1	-1	-1	-1	0	-1	0	-1	0	-1	0	-1	0	0	-1	0	-1	0	-1	0
330	{0}【环】{1}杀一儆百	0	0	0	0	-1	-1	-1	-1	-1	0	-1	0	-1	0	-1	0	-1	0	0	-1	0	-1	0	-1	0
331	{0}【环】{1}杀一儆百	0	0	0	0	-1	-1	-1	-1	-1	0	-1	0	-1	0	-1	0	-1	0	0	-1	0	-1	0	-1	0
332	{0}【环】{1}杀一儆百	0	0	0	0	-1	-1	-1	-1	-1	0	-1	0	-1	0	-1	0	-1	0	0	-1	0	-1	0	-1	0
333	{0}【环】{1}杀一儆百	0	0	0	0	-1	-1	-1	-1	-1	0	-1	0	-1	0	-1	0	-1	0	0	-1	0	-1	0	-1	0
334	{0}【环】{1}保护庄稼	0	0	0	0	-1	-1	-1	-1	-1	0	-1	0	-1	0	-1	0	-1	0	0	-1	0	-1	0	-1	0
335	{0}【环】{1}保护庄稼	0	0	0	0	-1	-1	-1	-1	-1	0	-1	0	-1	0	-1	0	-1	0	0	-1	0	-1	0	-1	0
336	{0}【环】{1}保护庄稼	0	0	0	0	-1	-1	-1	-1	-1	0	-1	0	-1	0	-1	0	-1	0	0	-1	0	-1	0	-1	0
337	{0}【环】{1}保护庄稼	0	0	0	0	-1	-1	-1	-1	-1	0	-1	0	-1	0	-1	0	-1	0	0	-1	0	-1	0	-1	0
338	{0}【环】{1}保护庄稼	0	0	0	0	-1	-1	-1	-1	-1	0	-1	0	-1	0	-1	0	-1	0	0	-1	0	-1	0	-1	0
339	{0}【环】{1}证明自己	0	0	0	0	-1	-1	-1	-1	-1	0	-1	0	-1	0	-1	0	-1	0	0	-1	0	-1	0	-1	0
340	{0}【环】{1}证明自己	0	0	0	0	-1	-1	-1	-1	-1	0	-1	0	-1	0	-1	0	-1	0	0	-1	0	-1	0	-1	0
341	{0}【环】{1}证明自己	0	0	0	0	-1	-1	-1	-1	-1	0	-1	0	-1	0	-1	0	-1	0	0	-1	0	-1	0	-1	0
342	{0}【环】{1}证明自己	0	0	0	0	-1	-1	-1	-1	-1	0	-1	0	-1	0	-1	0	-1	0	0	-1	0	-1	0	-1	0
343	{0}【环】{1}证明自己	0	0	0	0	-1	-1	-1	-1	-1	0	-1	0	-1	0	-1	0	-1	0	0	-1	0	-1	0	-1	0
344	{0}【环】{1}储备饲料	0	0	0	0	-1	-1	-1	-1	-1	0	-1	0	-1	0	-1	0	-1	0	0	-1	0	-1	0	-1	0
345	{0}【环】{1}储备饲料	0	0	0	0	-1	-1	-1	-1	-1	0	-1	0	-1	0	-1	0	-1	0	0	-1	0	-1	0	-1	0
346	{0}【环】{1}储备饲料	0	0	0	0	-1	-1	-1	-1	-1	0	-1	0	-1	0	-1	0	-1	0	0	-1	0	-1	0	-1	0
347	{0}【环】{1}储备饲料	0	0	0	0	-1	-1	-1	-1	-1	0	-1	0	-1	0	-1	0	-1	0	0	-1	0	-1	0	-1	0
348	{0}【环】{1}储备饲料	0	0	0	0	-1	-1	-1	-1	-1	0	-1	0	-1	0	-1	0	-1	0	0	-1	0	-1	0	-1	0
349	{0}【环】{1}储备食材	0	0	0	0	-1	-1	-1	-1	-1	0	-1	0	-1	0	-1	0	-1	0	0	-1	0	-1	0	-1	0
350	{0}【环】{1}储备食材	0	0	0	0	-1	-1	-1	-1	-1	0	-1	0	-1	0	-1	0	-1	0	0	-1	0	-1	0	-1	0
351	{0}【环】{1}储备食材	0	0	0	0	-1	-1	-1	-1	-1	0	-1	0	-1	0	-1	0	-1	0	0	-1	0	-1	0	-1	0
352	{0}【环】{1}储备食材	0	0	0	0	-1	-1	-1	-1	-1	0	-1	0	-1	0	-1	0	-1	0	0	-1	0	-1	0	-1	0
353	{0}【环】{1}储备食材	0	0	0	0	-1	-1	-1	-1	-1	0	-1	0	-1	0	-1	0	-1	0	0	-1	0	-1	0	-1	0
354	{0}【环】{1}问候	0	0	0	0	-1	-1	-1	-1	-1	0	-1	0	-1	0	-1	0	-1	0	0	-1	0	-1	0	-1	0
355	{0}【环】{1}问候	0	0	0	0	-1	-1	-1	-1	-1	0	-1	0	-1	0	-1	0	-1	0	0	-1	0	-1	0	-1	0
356	{0}【环】{1}问候	0	0	0	0	-1	-1	-1	-1	-1	0	-1	0	-1	0	-1	0	-1	0	0	-1	0	-1	0	-1	0
357	{0}【环】{1}问候	0	0	0	0	-1	-1	-1	-1	-1	0	-1	0	-1	0	-1	0	-1	0	0	-1	0	-1	0	-1	0
358	{0}【环】{1}问候	0	0	0	0	-1	-1	-1	-1	-1	0	-1	0	-1	0	-1	0	-1	0	0	-1	0	-1	0	-1	0
359	{0}【环】{1}问候	0	0	0	0	-1	-1	-1	-1	-1	0	-1	0	-1	0	-1	0	-1	0	0	-1	0	-1	0	-1	0
360	{0}【环】{1}问候	0	0	0	0	-1	-1	-1	-1	-1	0	-1	0	-1	0	-1	0	-1	0	0	-1	0	-1	0	-1	0
361	{0}【环】{1}问候	0	0	0	0	-1	-1	-1	-1	-1	0	-1	0	-1	0	-1	0	-1	0	0	-1	0	-1	0	-1	0
362	{0}【环】{1}问候	0	0	0	0	-1	-1	-1	-1	-1	0	-1	0	-1	0	-1	0	-1	0	0	-1	0	-1	0	-1	0
363	{0}【环】{1}消灭蚊子	0	0	0	0	-1	-1	-1	-1	-1	0	-1	0	-1	0	-1	0	-1	0	0	-1	0	-1	0	-1	0
364	{0}【环】{1}消灭蚊子	0	0	0	0	-1	-1	-1	-1	-1	0	-1	0	-1	0	-1	0	-1	0	0	-1	0	-1	0	-1	0
365	{0}【环】{1}消灭蚊子	0	0	0	0	-1	-1	-1	-1	-1	0	-1	0	-1	0	-1	0	-1	0	0	-1	0	-1	0	-1	0
366	{0}【环】{1}消灭蚊子	0	0	0	0	-1	-1	-1	-1	-1	0	-1	0	-1	0	-1	0	-1	0	0	-1	0	-1	0	-1	0
367	{0}【环】{1}消灭蚊子	0	0	0	0	-1	-1	-1	-1	-1	0	-1	0	-1	0	-1	0	-1	0	0	-1	0	-1	0	-1	0
368	{0}【环】{1}驱蚊准备	0	0	0	0	-1	-1	-1	-1	-1	0	-1	0	-1	0	-1	0	-1	0	0	-1	0	-1	0	-1	0
369	{0}【环】{1}驱蚊准备	0	0	0	0	-1	-1	-1	-1	-1	0	-1	0	-1	0	-1	0	-1	0	0	-1	0	-1	0	-1	0
370	{0}【环】{1}驱蚊准备	0	0	0	0	-1	-1	-1	-1	-1	0	-1	0	-1	0	-1	0	-1	0	0	-1	0	-1	0	-1	0
371	{0}【环】{1}驱蚊准备	0	0	0	0	-1	-1	-1	-1	-1	0	-1	0	-1	0	-1	0	-1	0	0	-1	0	-1	0	-1	0
372	{0}【环】{1}驱蚊准备	0	0	0	0	-1	-1	-1	-1	-1	0	-1	0	-1	0	-1	0	-1	0	0	-1	0	-1	0	-1	0
373	{0}【环】{1}驱蚊	0	0	0	0	-1	-1	-1	-1	-1	0	-1	0	-1	0	-1	0	-1	0	0	-1	0	-1	0	-1	0
374	{0}【环】{1}驱蚊	0	0	0	0	-1	-1	-1	-1	-1	0	-1	0	-1	0	-1	0	-1	0	0	-1	0	-1	0	-1	0
375	{0}【环】{1}驱蚊	0	0	0	0	-1	-1	-1	-1	-1	0	-1	0	-1	0	-1	0	-1	0	0	-1	0	-1	0	-1	0
376	{0}【环】{1}驱蚊	0	0	0	0	-1	-1	-1	-1	-1	0	-1	0	-1	0	-1	0	-1	0	0	-1	0	-1	0	-1	0
377	{0}【环】{1}驱蚊	0	0	0	0	-1	-1	-1	-1	-1	0	-1	0	-1	0	-1	0	-1	0	0	-1	0	-1	0	-1	0
378	{0}【环】{1}扫荡骷髅	0	0	0	0	-1	-1	-1	-1	-1	0	-1	0	-1	0	-1	0	-1	0	0	-1	0	-1	0	-1	0
379	{0}【环】{1}扫荡骷髅	0	0	0	0	-1	-1	-1	-1	-1	0	-1	0	-1	0	-1	0	-1	0	0	-1	0	-1	0	-1	0
380	{0}【环】{1}扫荡骷髅	0	0	0	0	-1	-1	-1	-1	-1	0	-1	0	-1	0	-1	0	-1	0	0	-1	0	-1	0	-1	0
381	{0}【环】{1}扫荡骷髅	0	0	0	0	-1	-1	-1	-1	-1	0	-1	0	-1	0	-1	0	-1	0	0	-1	0	-1	0	-1	0
382	{0}【环】{1}扫荡骷髅	0	0	0	0	-1	-1	-1	-1	-1	0	-1	0	-1	0	-1	0	-1	0	0	-1	0	-1	0	-1	0
383	{0}【环】{1}消灭兽人	0	0	0	0	-1	-1	-1	-1	-1	0	-1	0	-1	0	-1	0	-1	0	0	-1	0	-1	0	-1	0
384	{0}【环】{1}消灭兽人	0	0	0	0	-1	-1	-1	-1	-1	0	-1	0	-1	0	-1	0	-1	0	0	-1	0	-1	0	-1	0
385	{0}【环】{1}消灭兽人	0	0	0	0	-1	-1	-1	-1	-1	0	-1	0	-1	0	-1	0	-1	0	0	-1	0	-1	0	-1	0
386	{0}【环】{1}消灭兽人	0	0	0	0	-1	-1	-1	-1	-1	0	-1	0	-1	0	-1	0	-1	0	0	-1	0	-1	0	-1	0
387	{0}【环】{1}消灭兽人	0	0	0	0	-1	-1	-1	-1	-1	0	-1	0	-1	0	-1	0	-1	0	0	-1	0	-1	0	-1	0
388	{0}【环】{1}问候	0	0	0	0	-1	-1	-1	-1	-1	0	-1	0	-1	0	-1	0	-1	0	0	-1	0	-1	0	-1	0
389	{0}【环】{1}问候	0	0	0	0	-1	-1	-1	-1	-1	0	-1	0	-1	0	-1	0	-1	0	0	-1	0	-1	0	-1	0
390	{0}【环】{1}问候	0	0	0	0	-1	-1	-1	-1	-1	0	-1	0	-1	0	-1	0	-1	0	0	-1	0	-1	0	-1	0
391	{0}【环】{1}问候	0	0	0	0	-1	-1	-1	-1	-1	0	-1	0	-1	0	-1	0	-1	0	0	-1	0	-1	0	-1	0
392	{0}【环】{1}问候	0	0	0	0	-1	-1	-1	-1	-1	0	-1	0	-1	0	-1	0	-1	0	0	-1	0	-1	0	-1	0
393	{0}【环】{1}问候	0	0	0	0	-1	-1	-1	-1	-1	0	-1	0	-1	0	-1	0	-1	0	0	-1	0	-1	0	-1	0
394	{0}【环】{1}问候	0	0	0	0	-1	-1	-1	-1	-1	0	-1	0	-1	0	-1	0	-1	0	0	-1	0	-1	0	-1	0
395	{0}【环】{1}问候	0	0	0	0	-1	-1	-1	-1	-1	0	-1	0	-1	0	-1	0	-1	0	0	-1	0	-1	0	-1	0
396	{0}【环】{1}问候	0	0	0	0	-1	-1	-1	-1	-1	0	-1	0	-1	0	-1	0	-1	0	0	-1	0	-1	0	-1	0
397	{0}【主】{1}领取奖励	3938	0	872	291	-1	-1	-1	-1	-1	0	-1	0	-1	0	-1	0	-1	0	0	-1	0	-1	0	-1	0
398	{0}【主】{1}装备翅膀	23650	0	108618	36206	-1	-1	-1	-1	-1	0	-1	0	-1	0	-1	0	-1	0	0	-1	0	-1	0	-1	0
399	升到40	3914	0	14108	4703	125	3	-1	-1	-1	0	-1	0	-1	0	-1	0	-1	0	0	-1	0	-1	0	-1	0
400	升到45	0	0	0	0	-1	-1	-1	-1	-1	0	-1	0	-1	0	-1	0	-1	0	0	-1	0	-1	0	-1	0
401	升到48	0	0	0	0	-1	-1	-1	-1	-1	0	-1	0	-1	0	-1	0	-1	0	0	-1	0	-1	0	-1	0
402	升到53	0	0	0	0	-1	-1	-1	-1	-1	0	-1	0	-1	0	-1	0	-1	0	0	-1	0	-1	0	-1	0
403	升到57	0	0	0	0	-1	-1	-1	-1	-1	0	-1	0	-1	0	-1	0	-1	0	0	-1	0	-1	0	-1	0
404	升到60	0	0	0	0	-1	-1	-1	-1	-1	0	-1	0	-1	0	-1	0	-1	0	0	-1	0	-1	0	-1	0
405	升到63	0	0	0	0	-1	-1	-1	-1	-1	0	-1	0	-1	0	-1	0	-1	0	0	-1	0	-1	0	-1	0
406	升到64	0	0	0	0	-1	-1	-1	-1	-1	0	-1	0	-1	0	-1	0	-1	0	0	-1	0	-1	0	-1	0
407	升到66	0	0	0	0	-1	-1	-1	-1	-1	0	-1	0	-1	0	-1	0	-1	0	0	-1	0	-1	0	-1	0
408	升到67	0	0	0	0	-1	-1	-1	-1	-1	0	-1	0	-1	0	-1	0	-1	0	0	-1	0	-1	0	-1	0
409	升到68	0	0	0	0	-1	-1	-1	-1	-1	0	-1	0	-1	0	-1	0	-1	0	0	-1	0	-1	0	-1	0
410	升到69	0	0	0	0	-1	-1	-1	-1	-1	0	-1	0	-1	0	-1	0	-1	0	0	-1	0	-1	0	-1	0
411	升到70	0	0	0	0	-1	-1	-1	-1	-1	0	-1	0	-1	0	-1	0	-1	0	0	-1	0	-1	0	-1	0
412	升到36	1586	0	1638	546	-1	-1	-1	-1	-1	0	-1	0	-1	0	-1	0	-1	0	0	-1	0	-1	0	-1	0
413	升到38	2690	0	5863	1954	-1	-1	-1	-1	-1	0	-1	0	-1	0	-1	0	-1	0	0	-1	0	-1	0	-1	0
