Id	DESC	szString	type_1	type_2
INT	STRING	STRING	BOOL	BOOL
#预留				
#过滤词汇	描述，策划维护	过滤词汇	聊天	命名
0		结婚	0	1
1		强化	0	1
2		节日	0	1
3		伙伴	0	1
4		商人	0	1
5		活动	0	1
6		伙伴	0	1
7		任务	0	1
8		商人	0	1
9		节日	0	1
10		强化	0	1
11		帮会	0	1
12		奖励	0	1
13		仓库	0	1
14		（達癩	1	1
15		（盜竊	1	1
16		（放蕩	1	1
17		（熱比婭	1	1
18		（伊斯蘭亞格林尼斯	1	1
19		*法*轮*功*	1	1
20		*法*轮*功*靠	1	1
21		*李*洪*志*	1	1
22		*李*洪*志*靠	1	1
23		.ad	1	1
24		.ae	1	1
25		.aero	1	1
26		.af	1	1
27		.ag	1	1
28		.ai	1	1
29		.al	1	1
30		.am	1	1
31		.an	1	1
32		.ao	1	1
33		.aq	1	1
34		.ar	1	1
35		.arpa	1	1
36		.as	1	1
37		.at	1	1
38		.au	1	1
39		.aw	1	1
40		.az	1	1
41		.ba	1	1
42		.bb	1	1
43		.bd	1	1
44		.be	1	1
45		.bf	1	1
46		.bg	1	1
47		.bh	1	1
48		.bi	1	1
49		.biz	1	1
50		.bj	1	1
51		.bm	1	1
52		.bn	1	1
53		.bo	1	1
54		.br	1	1
55		.bs	1	1
56		.bt	1	1
57		.bv	1	1
58		.bw	1	1
59		.by	1	1
60		.bz	1	1
61		.ca	1	1
62		.cc	1	1
63		.cf	1	1
64		.cg	1	1
65		.ch	1	1
66		.ci	1	1
67		.ck	1	1
68		.cl	1	1
69		.cm	1	1
70		.cn	1	1
71		.co	1	1
72		.com	1	1
73		.coop	1	1
74		.cq	1	1
75		.cr	1	1
76		.cu	1	1
77		.cv	1	1
78		.cx	1	1
79		.cy	1	1
80		.cz	1	1
81		.de	1	1
82		.dj	1	1
83		.dk	1	1
84		.dm	1	1
85		.do	1	1
86		.dz	1	1
87		.ec	1	1
88		.edu	1	1
89		.ee	1	1
90		.eg	1	1
91		.eh	1	1
92		.es	1	1
93		.et	1	1
94		.ev	1	1
95		.fi	1	1
96		.fj	1	1
97		.fk	1	1
98		.fm	1	1
99		.fo	1	1
100		.fr	1	1
101		.ga	1	1
102		.gb	1	1
103		.gd	1	1
104		.ge	1	1
105		.gf	1	1
106		.gh	1	1
107		.gi	1	1
108		.gl	1	1
109		.gm	1	1
110		.gn	1	1
111		.gov	1	1
112		.gp	1	1
113		.gr	1	1
114		.gt	1	1
115		.gu	1	1
116		.gw	1	1
117		.gy	1	1
118		.hk	1	1
119		.hm	1	1
120		.hn	1	1
121		.hr	1	1
122		.ht	1	1
123		.hu	1	1
124		.id	1	1
125		.ie	1	1
126		.il	1	1
127		.in	1	1
128		.info	1	1
129		.int	1	1
130		.io	1	1
131		.iq	1	1
132		.ir	1	1
133		.is	1	1
134		.it	1	1
135		.jm	1	1
136		.jo	1	1
137		.jp	1	1
138		.ke	1	1
139		.kg	1	1
140		.kh	1	1
141		.ki	1	1
142		.km	1	1
143		.kn	1	1
144		.kp	1	1
145		.kr	1	1
146		.kw	1	1
147		.ky	1	1
148		.kz	1	1
149		.la	1	1
150		.lb	1	1
151		.lc	1	1
152		.li	1	1
153		.lk	1	1
154		.lr	1	1
155		.ls	1	1
156		.lt	1	1
157		.lu	1	1
158		.lv	1	1
159		.ly	1	1
160		.ma	1	1
161		.mc	1	1
162		.md	1	1
163		.mg	1	1
164		.mh	1	1
165		.mil	1	1
166		.ml	1	1
167		.mm	1	1
168		.mn	1	1
169		.mo	1	1
170		.mp	1	1
171		.mq	1	1
172		.mr	1	1
173		.ms	1	1
174		.mt	1	1
175		.museum	1	1
176		.mv	1	1
177		.mw	1	1
178		.mx	1	1
179		.my	1	1
180		.mz	1	1
181		.na	1	1
182		.name	1	1
183		.nc	1	1
184		.ne	1	1
185		.net	1	1
186		.nf	1	1
187		.ng	1	1
188		.ni	1	1
189		.nl	1	1
190		.no	1	1
191		.np	1	1
192		.nr	1	1
193		.nt	1	1
194		.nu	1	1
195		.nz	1	1
196		.om	1	1
197		.org	1	1
198		.pa	1	1
199		.pe	1	1
200		.pf	1	1
201		.pg	1	1
202		.ph	1	1
203		.pk	1	1
204		.pl	1	1
205		.pm	1	1
206		.pn	1	1
207		.pr	1	1
208		.pro	1	1
209		.pt	1	1
210		.pw	1	1
211		.py	1	1
212		.qa	1	1
213		.re	1	1
214		.ro	1	1
215		.ru	1	1
216		.rw	1	1
217		.sa	1	1
218		.sb	1	1
219		.sc	1	1
220		.sd	1	1
221		.se	1	1
222		.sg	1	1
223		.sh	1	1
224		.si	1	1
225		.sj	1	1
226		.sk	1	1
227		.sl	1	1
228		.sm	1	1
229		.sn	1	1
230		.so	1	1
231		.sr	1	1
232		.st	1	1
233		.su	1	1
234		.sy	1	1
235		.sz	1	1
236		.tc	1	1
237		.td	1	1
238		.tf	1	1
239		.tg	1	1
240		.th	1	1
241		.tj	1	1
242		.tk	1	1
243		.tm	1	1
244		.tn	1	1
245		.to	1	1
246		.tp	1	1
247		.tr	1	1
248		.tt	1	1
249		.tv	1	1
250		.tw	1	1
251		.tz	1	1
252		.ua	1	1
253		.ug	1	1
254		.uk	1	1
255		.us	1	1
256		.uy	1	1
257		.va	1	1
258		.vc	1	1
259		.ve	1	1
260		.vg	1	1
261		.vn	1	1
262		.vu	1	1
263		.wf	1	1
264		.ws	1	1
265		.ye	1	1
266		.yu	1	1
267		.za	1	1
268		.zm	1	1
269		.zr	1	1
270		.zw	1	1
271		@sshole	1	1
272		@sshole靠	1	1
273		∪R	1	1
274		∪R靠	1	1
275		01gh.com	1	1
276		09city.com	1	1
277		1000scarf.com	1	1
278		1100y.com	1	1
279		11xp.1243.net.cn	1	1
280		1234chengren.1249.net.cn	1	1
281		131.com	1	1
282		13888wg.com	1	1
283		13点靠	1	1
284		158le.com	1	1
285		166578.cn	1	1
286		17173dl.net	1	1
287		17173yxdl.cn	1	1
288		17youle.com	1	1
289		18900.com	1	1
290		18摸 	1	1
291		1qmsj.com	1	1
292		1t1t.com	1	1
293		202333.com	1	1
294		208.43.198.56	1	1
295		21世纪中国基金会	1	1
296		2y7v.cnhwxvote.cn	1	1
297		2逼靠	1	1
298		365gn	1	1
299		365tttyx.com	1	1
300		37447.cn	1	1
301		3P	1	1
302		51jiafen.cn	1	1
303		52ppsa.cn	1	1
304		52sxhy.cn	1	1
305		54hero.com	1	1
306		567567aa.cn	1	1
307		58.253.67.74	1	1
308		597ft.com	1	1
309		5d6d.com	1	1
310		5m5m5m.com	1	1
311		610办公室靠	1	1
312		6-4tianwang	1	1
313		64靠	1	1
314		661661.com	1	1
315		6人被逮	1	1
316		7.5事件	1	1
317		71ka.com	1	1
318		7mmo.com	1	1
319		8 仙	1	1
320		8 仙靠	1	1
321		888895.com	1	1
322		88mysf.com	1	1
323		89-64cdjp	1	1
324		89靠	1	1
325		8仙	1	1
326		8仙靠	1	1
327		91bysd.cn	1	1
328		92klgh.cn	1	1
329		92wydl.com	1	1
330		a$$hole	1	1
331		a$shole	1	1
332		aa.yazhousetu.hi.9705.net.cn	1	1
333		aaac.s.51524.com	1	1
334		aaad.s.59764.com	1	1
335		ADMIN	1	1
336		admin靠	1	1
337		AIDS	1	1
338		Aiort墓地	1	1
339		ai滋	1	1
340		Arqus会议场	1	1
341		as$hole	1	1
342		asgardcn.com	1	1
343		ASS	1	1
344		asshole	1	1
345		Atan的移动石	1	1
346		A片	1	1
347		Baichi	1	1
348		baijie.1249.net.cn	1	1
349		Baopi	1	1
350		Bao皮	1	1
351		bastard	1	1
352		bbs.766.com	1	1
353		bbs.7gg.cn	1	1
354		bbs.butcn.com	1	1
355		bbs.pkmmo.whoyo.com	1	1
356		bbscity	1	1
357		bcd.s.59764.com	1	1
358		beijingspring	1	1
359		biaozi	1	1
360		Biao子	1	1
361		bignews	1	1
362		Bitch	1	1
363		Bi样	1	1
364		bjzc	1	1
365		bl62.com	1	1
366		blacksee.com.cn	1	1
367		BLOW	1	1
368		BLOWJOB	1	1
369		boxun	1	1
370		bt	1	1
371		bulaoge.com	1	1
372		butthead	1	1
373		butthole	1	1
374		bz176.com	1	1
375		B样	1	1
376		c a o	1	1
377		c a o靠	1	1
378		canyaa.com	1	1
379		cao	1	1
380		caoB	1	1
381		caobi	1	1
382		cao靠	1	1
383		cao你	1	1
384		cao你大爷	1	1
385		cao你妈	1	1
386		Carrefour	1	1
387		cdjp	1	1
388		cdream.com	1	1
389		cha你	1	1
390		chengmingmag	1	1
391		chengrenmanhua.1242.net.cn	1	1
392		chengrenwangzhi.1242.net.cn	1	1
393		chinaliberal	1	1
394		chinamz	1	1
395		chinavfx.net	1	1
396		chinesenewsnet	1	1
397		chinesenewsweek	1	1
398		Clockgemstone	1	1
399		cnaicheng.1174.net.cn	1	1
400		consignment5173	1	1
401		creaders	1	1
402		Crestbone	1	1
403		cunt	1	1
404		dadati.com	1	1
405		dafa	1	1
406		dajiyuan	1	1
407		damm	1	1
408		damn	1	1
409		dfdz	1	1
410		DICK	1	1
411		digitallongking.com	1	1
412		dingxiang.1243.net.cn	1	1
413		dingxiang.1249.net	1	1
414		dl.com	1	1
415		dolbbs.com	1	1
416		dpp	1	1
417		e7sw.cn	1	1
418		eee.xaoh.cn	1	1
419		eight仙	1	1
420		eight仙靠	1	1
421		ent365.com	1	1
422		epochtime	1	1
423		epochtimes	1	1
424		EVENT	1	1
425		E周刊	1	1
426		F.L.G	1	1
427		falu	1	1
428		falun	1	1
429		falundafa	1	1
430		fawanghuihui	1	1
431		FA轮	1	1
432		fa轮 	1	1
433		Feelmistone	1	1
434		feitengdl.com	1	1
435		fgmtv	1	1
436		Fku	1	1
437		flg	1	1
438		fofg	1	1
439		fosaon	1	1
440		freechina	1	1
441		freedom	1	1
442		freenet	1	1
443		fu(	1	1
444		fuc	1	1
445		FUCK	1	1
446		FUCKYOU	1	1
447		fuck靠	1	1
448		fuck氵去	1	1
449		fuck骚	1	1
450		fuck色情	1	1
451		fuck色情电影	1	1
452		fuck色情服务	1	1
453		fuck色情小电影	1	1
454		fuck杀人犯	1	1
455		fuck傻B	1	1
456		fuck傻屄	1	1
457		fuck傻逼	1	1
458		fuck傻比	1	1
459		fuck傻吊	1	1
460		fuck傻卵	1	1
461		fuck傻子	1	1
462		fuck煞逼	1	1
463		fuck商务部	1	1
464		fuck上你	1	1
465		fuck上妳	1	1
466		fuck社.会.正.义.力.量	1	1
467		fuck社保基金会	1	1
468		fuck社会主义	1	1
469		fuck社科院	1	1
470		fuck射精	1	1
471		fuck身份生成器	1	1
472		fuck神经病	1	1
473		fuck神通加持法	1	1
474		fuck审计署	1	1
475		fuck升达毕业证	1	1
476		fuck生春袋	1	1
477		fuck生孩子没屁眼	1	1
478		fuck生鸦片	1	1
479		fuck圣女峰	1	1
480		fuck湿透的内裤	1	1
481		fuck十八摸	1	1
482		fuck十年动乱	1	1
483		fuck十五周年	1	1
484		fuck石进	1	1
485		fuck食捻屎	1	1
486		fuck食屎	1	1
487		fuck驶你爸	1	1
488		fuck驶你公	1	1
489		fuck驶你老母	1	1
490		fuck驶你老师	1	1
491		fuck驶你母	1	1
492		fuck驶你娘	1	1
493		fuck世界日报	1	1
494		fuck是鸡	1	1
495		fuck手机复制	1	1
496		fuck手淫	1	1
497		fuck受虐狂	1	1
498		fuck售ID	1	1
499		fuck售号	1	1
500		fuck售软件	1	1
501		fuck双峰微颤	1	1
502		fuck水利部	1	1
503		fuck水去车仑	1	1
504		fuck税务总局	1	1
505		fuck司法部	1	1
506		fuck私/服	1	1
507		fuck私\\服	1	1
508		fuck私服	1	1
509		fuck私-服	1	1
510		fuck私—服	1	1
511		fuck斯大林	1	1
512		fuck死gd	1	1
513		fuck死gm	1	1
514		fuck死全家	1	1
515		fuck四川独立	1	1
516		fuck四人帮	1	1
517		fuck宋楚瑜	1	1
518		fuck宋祖英	1	1
519		fuck孙文	1	1
520		fuck孙逸仙	1	1
521		fuck孙中山	1	1
522		fuck他爹	1	1
523		fuck他妈	1	1
524		fuck他妈的	1	1
525		fuck他马的	1	1
526		fuck他母亲	1	1
527		fuck他祖宗	1	1
528		fuck台办	1	1
529		fuck台独	1	1
530		fuck台联	1	1
531		fuck台湾党	1	1
532		fuck台湾帝国	1	1
533		fuck台湾独立	1	1
534		fuck台湾共产党	1	1
535		fuck台湾共和国	1	1
536		fuck台湾狗	1	1
537		fuck台湾国	1	1
538		fuck台湾民国	1	1
539		fuck太监	1	1
540		fuck太子党	1	1
541		fuck唐家璇	1	1
542		fuck特别公告	1	1
543		fuck特码	1	1
544		fuck体育总局	1	1
545		fuck天安门	1	1
546		fuck天安门档案	1	1
547		fuck天安门录像带	1	1
548		fuck天安门事件	1	1
549		fuck天安门屠杀	1	1
550		fuck天安门一代	1	1
551		fuck天鹅之旅	1	1
552		fuck天皇	1	1
553		fuck天皇陛下	1	1
554		fuck田纪云	1	1
555		fuck舔西	1	1
556		fuck铁道部	1	1
557		fuck统计局	1	1
558		fuck投毒杀人	1	1
559		fuck透视软件	1	1
560		fuck透视眼镜	1	1
561		fuck推油	1	1
562		fuck退党	1	1
563		fuck托管理事会	1	1
564		fuck外　挂	1	1
565		fuck外/挂	1	1
566		fuck外\\挂	1	1
567		fuck外_挂	1	1
568		fuck外挂	1	1
569		fuck外-挂	1	1
570		fuck外—挂	1	1
571		fuck外汇局	1	1
572		fuck外交部	1	1
573		fuck外专局	1	1
574		fuck晚年周恩来	1	1
575		fuck万税	1	1
576		fuck王八蛋	1	1
577		fuck王宝森	1	1
578		fuck王刚	1	1
579		fuck王昊	1	1
580		fuck王乐泉	1	1
581		fuck王岐山	1	1
582		fuck王太华	1	1
583		fuck王兆国	1	1
584		fuck王震	1	1
585		fuck网管	1	1
586		fuck威而钢	1	1
587		fuck威而柔	1	1
588		fuck卫生部	1	1
589		fuck尉健行	1	1
590		fuck温加宝	1	1
591		fuck温家宝	1	1
592		fuck温家保	1	1
593		fuck温馨	1	1
594		fuck温总理	1	1
595		fuck文化部	1	1
596		fuck文物局	1	1
597		fuck倭国	1	1
598		fuck倭寇	1	1
599		fuck我操	1	1
600		fuck我操你	1	1
601		fuck我干	1	1
602		fuck我妳老爸	1	1
603		fuck我日	1	1
604		fuck我日你	1	1
605		fuck无界浏览器	1	1
606		fuck吴　仪	1	1
607		fuck吴邦国	1	1
608		fuck吴官正	1	1
609		fuck吴仪	1	1
610		fuck五星红旗	1	1
611		fuck西藏独立	1	1
612		fuck西藏天葬	1	1
613		fuck希拉克	1	1
614		fuck希特勒	1	1
615		fuck希望之声	1	1
616		fuck洗脑班	1	1
617		fuck系统	1	1
618		fuck系统公告	1	1
619		fuck系统讯息	1	1
620		fuck鲜族	1	1
621		fuck乡巴佬	1	1
622		fuck想上你	1	1
623		fuck小鸡鸡	1	1
624		fuck小泉	1	1
625		fuck小泉纯一郎	1	1
626		fuck小日本	1	1
627		fuck小肉粒	1	1
628		fuck小乳头	1	1
629		fuck小穴	1	1
630		fuck邪教	1	1
631		fuck新党	1	1
632		fuck新光明	1	1
633		fuck新华内情	1	1
634		fuck新华社	1	1
635		fuck新疆独立	1	1
636		fuck新生网	1	1
637		fuck新手指导员	1	1
638		fuck新唐人	1	1
639		fuck新闻办	1	1
640		fuck新闻出版	1	1
641		fuck新闻出版署	1	1
642		fuck新闻出版总署	1	1
643		fuck新闻管制	1	1
644		fuck新义安	1	1
645		fuck信访局	1	1
646		fuck信息产业部	1	1
647		fuck兴奋剂	1	1
648		fuck性爱	1	1
649		fuck性交	1	1
650		fuk	1	1
651		fv(	1	1
652		fvc	1	1
653		fy371.com	1	1
654		g365.net	1	1
655		ＧＡＭＥ　ｍａｓｔｅｒ	1	1
656		GameMaste	1	1
657		GAMEMASTER	1	1
658		gan你	1	1
659		g-bits	1	1
660		gc365	1	1
661		GCD	1	1
662		geocities.com	1	1
663		gigabyte.cn	1	1
664		globalrescue	1	1
665		Gm	1	1
666		ＧＭ	1	1
667		gogo.net	1	1
668		Gruepin	1	1
669		gssmtt.com	1	1
670		HACKING	1	1
671		haosilu.com	1	1
672		haouse.cn	1	1
673		hongzhi	1	1
674		host800.com	1	1
675		hrichina	1	1
676		huanet	1	1
677		huangsexiaoshuo.1242.net.cn	1	1
678		hypermart.net	1	1
679		h站	1	1
680		h站靠	1	1
681		i9game.com	1	1
682		icpcn.com	1	1
683		id666.uqc.cn	1	1
684		ieboy.cn	1	1
685		incest	1	1
686		ising99.com	1	1
687		item	1	1
688		itnongzhuang.com	1	1
689		J8	1	1
690		j8靠	1	1
691		JB	1	1
692		JB靠	1	1
693		jiangdongriji	1	1
694		jian你	1	1
695		jiaochuang	1	1
696		jiaochun	1	1
697		jiayyou.cn	1	1
698		jiba	1	1
699		jinpaopao.com	1	1
700		jinv	1	1
701		Ji女	1	1
702		jj.pangfangwuyuetian.hi.9705.net.cn	1	1
703		jooplay.com	1	1
704		kao	1	1
705		KISSMYASS	1	1
706		kkk.xaoh.cn	1	1
707		ko180	1	1
708		kyohwangmark	1	1
709		K他命	1	1
710		l2jsom.cn	1	1
711		Lhakar	1	1
712		lihongzhi	1	1
713		likeko.com	1	1
714		lll.xaoh.cn	1	1
715		lordren.com	1	1
716		lunlidianying.1274.net.cn	1	1
717		lunlidianyingxiazai.1174.net.cn	1	1
718		luosisa.cn	1	1
719		luoxialu.cn	1	1
720		lxsm888.com	1	1
721		lybbs.info	1	1
722		Mai骚	1	1
723		making	1	1
724		meiguiqingren.1274.net.cn	1	1
725		minghui	1	1
726		minghuinews	1	1
727		mingpaonews	1	1
728		minhui	1	1
729		nacb	1	1
730		naive	1	1
731		nbfib.cn	1	1
732		ncyh.cn	1	1
733		Neckromancer	1	1
734		newsmth.net	1	1
735		niuniujidi.1174.net.cn	1	1
736		NMD	1	1
737		nmis	1	1
738		NND	1	1
739		NPC靠	1	1
740		okaygood.cn	1	1
741		on9	1	1
742		ooo.xaoh.cn	1	1
743		orgasmus	1	1
744		paper64	1	1
745		parke888.com	1	1
746		pcikcatv.2om	1	1
747		pcikchina.com	1	1
748		peacehall	1	1
749		penis	1	1
750		phuc	1	1
751		piss	1	1
752		pkmmo.com	1	1
753		playboy	1	1
754		ppt.cc	1	1
755		prettyirene.net	1	1
756		pussy	1	1
757		qgqm.org	1	1
758		qiangjian	1	1
759		qingsewuyuetian.1174.net.cn	1	1
760		qtoy.com	1	1
761		Rape	1	1
762		reddidi.com.cn	1	1
763		renminbao	1	1
764		renmingbao	1	1
765		rfa	1	1
766		ri	1	1
767		rivals	1	1
768		rivals靠	1	1
769		rrr.xaoh.cn	1	1
770		safeweb	1	1
771		saobi	1	1
772		SB	1	1
773		screw	1	1
774		secretchina	1	1
775		sega	1	1
776		sewuyuetian.1174.net.cn	1	1
777		sewuyuetian.1274.net.cn	1	1
778		sex	1	1
779		sf	1	1
780		sh!t	1	1
781		shengda	1	1
782		shit	1	1
783		showka8.com	1	1
784		shyt	1	1
785		simple	1	1
786		siwameitui.1274.net.cn	1	1
787		sjlike.com	1	1
788		SM	1	1
789		snatch	1	1
790		soundofhope	1	1
791		stlmbbs.cn	1	1
792		SUCK	1	1
793		sucker	1	1
794		svdc	1	1
795		System	1	1
796		szlmgh.cn	1	1
797		T.M.D	1	1
798		T.M.D靠	1	1
799		taip	1	1
800		taobao	1	1
801		taobao靠	1	1
802		tb.hi.4024.net.cn	1	1
803		tibetalk	1	1
804		tlyx-game.cn	1	1
805		tmd	1	1
806		TMD靠	1	1
807		tnnd	1	1
808		tont.cn	1	1
809		triangle	1	1
810		triangleboy	1	1
811		Tringel	1	1
812		u   r靠	1	1
813		U  R靠	1	1
814		u r	1	1
815		u r靠	1	1
816		U/R	1	1
817		U/R靠	1	1
818		ul86.com	1	1
819		UltraSurf	1	1
820		unixbox	1	1
821		UR	1	1
822		ＵＲ	1	1
823		U-R	1	1
824		urban	1	1
825		urban-rivals	1	1
826		urban-rivals靠	1	1
827		urban靠	1	1
828		urTNND	1	1
829		UR靠	1	1
830		ＵＲ靠	1	1
831		U-R靠	1	1
832		ustibet	1	1
833		uu1001.com	1	1
834		vip886.com	1	1
835		voa	1	1
836		voachinese	1	1
837		wangce	1	1
838		wangyoudl.com	1	1
839		webgame.com.cn	1	1
840		webgame.com.cn靠	1	1
841		WEBZEN	1	1
842		WEB牌戰	1	1
843		WEB牌戰靠	1	1
844		WEB战牌	1	1
845		WEB战牌靠	1	1
846		weelaa	1	1
847		WG	1	1
848		wg7766.cn	1	1
849		wgxiaowu.com	1	1
850		woyinwose.1243.net.cn	1	1
851		wstaiji	1	1
852		www.	1	1
853		www.23nice.com.cn	1	1
854		www.2q5q.com	1	1
855		www.315ts.net	1	1
856		www.365jw.com	1	1
857		www.50spcombaidu1828adyou97sace.co.cc	1	1
858		www.567yx.com	1	1
859		www.70yx.com	1	1
860		www.766.com	1	1
861		www.91wangyou.com	1	1
862		www.976543.com	1	1
863		www.978808.com	1	1
864		www.99game.net	1	1
865		www.anule.cn	1	1
866		www.bin5.cn	1	1
867		www.dy6789.cn	1	1
868		www.foyeye.com	1	1
869		www.gamelifeclub.cn	1	1
870		www.gardcn.com	1	1
871		www.gw17173.cn	1	1
872		www.legu.com	1	1
873		www.maituan.com	1	1
874		www.neicehao.cn	1	1
875		www.sanjidianying.com.cn	1	1
876		www.sexwyt.com	1	1
877		www.sf766.com.cn	1	1
878		www.wang567.com	1	1
879		www.wow366.cn	1	1
880		www.xaoh.cn	1	1
881		www.yhzt.org	1	1
882		www.ylteam.cn	1	1
883		www.yxnpc.com	1	1
884		www.zsyxhd.cn	1	1
885		www.zxkaku.cn	1	1
886		www.zy528.com	1	1
887		wy33.com	1	1
888		wy3868.com	1	1
889		wy724.com	1	1
890		xiao77.1243.net.cn	1	1
891		xiao77luntan.1249.net.cn	1	1
892		xiaoqinzaixian.cn	1	1
893		xingqingzhongren.1174.net.cn	1	1
894		xinguangming	1	1
895		xinsheng	1	1
896		xiuau.cn	1	1
897		xl517.com	1	1
898		xq-wl.cn	1	1
899		xya3.cn	1	1
900		yaokong7.com	1	1
901		youxiji888.cn	1	1
902		ys168.com	1	1
903		yuanming	1	1
904		yuanmingxinsheng	1	1
905		yuming	1	1
906		yz55.cn	1	1
907		zaixu.net	1	1
908		zhengjian	1	1
909		zhengjianwang	1	1
910		zhengqing	1	1
911		zhengwunet	1	1
912		zhenshanren	1	1
913		zhongguohun	1	1
914		zhuanfalun	1	1
915		zxsj188.com	1	1
916		zy666.net	1	1
917		zzmysf.com	1	1
918		zzz.xaoh.cn	1	1
919		阿扁万岁	1	1
920		阿扁萬歲	1	1
921		阿拉法特	1	1
922		啊無卵	1	1
923		哀悼	1	1
924		挨球	1	1
925		艾滋	1	1
926		爱液	1	1
927		爱滋	1	1
928		愛滋	1	1
929		安非他命	1	1
930		安南	1	1
931		安全局	1	1
932		垵	1	1
933		奧克拉	1	1
934		嶴	1	1
935		澳洲光明网	1	1
936		八 仙	1	1
937		八 仙靠	1	1
938		八九	1	1
939		八九风波	1	1
940		八仙	1	1
941		八仙靠	1	1
942		白粉	1	1
943		白立樸	1	1
944		白莲教	1	1
945		白皮書	1	1
946		白色星期三	1	1
947		班禅	1	1
948		班禪	1	1
949		办理文凭	1	1
950		办理证件	1	1
951		包皮	1	1
952		薄一波	1	1
953		保钓	1	1
954		保釣	1	1
955		保监会	1	1
956		保密局	1	1
957		鸨	1	1
958		报警	1	1
959		鲍岳桥	1	1
960		暴动	1	1
961		暴恐	1	1
962		暴力事件	1	1
963		暴乱	1	1
964		暴亂	1	1
965		暴徒	1	1
966		暴徒、昆明火车站	1	1
967		爆破	1	1
968		北大三角地论坛	1	1
969		北大三角地論壇	1	1
970		北韩	1	1
971		北韓	1	1
972		北京当局	1	1
973		北京當局	1	1
974		北京路	1	1
975		北京之春	1	1
976		北美自由论坛	1	1
977		北美自由論壇	1	1
978		贝肉	1	1
979		貝尤爾	1	1
980		被抓	1	1
981		本拉登	1	1
982		苯比	1	1
983		笨屄	1	1
984		笨逼	1	1
985		屄	1	1
986		屄毛	1	1
987		逼毛	1	1
988		逼你老母	1	1
989		逼迫	1	1
990		逼样	1	1
991		逼樣	1	1
992		比毛	1	1
993		比样	1	1
994		比樣	1	1
995		蹕	1	1
996		颮	1	1
997		鑣	1	1
998		婊	1	1
999		婊子	1	1
1000		婊子靠	1	1
1001		婊子养的	1	1
1002		婊子養的	1	1
1003		賓周	1	1
1004		冰毒	1	1
1005		冰後	1	1
1006		波霸	1	1
1007		博讯	1	1
1008		博訊	1	1
1009		不爽不要錢	1	1
1010		不玩了	1	1
1011		不玩了靠	1	1
1012		布莱尔	1	1
1013		布萊爾	1	1
1014		布雷尔	1	1
1015		布雷爾	1	1
1016		布什	1	1
1017		步行街	1	1
1018		财政部	1	1
1019		蔡崇國	1	1
1020		蔡啓芳	1	1
1021		参事室	1	1
1022		黲	1	1
1023		藏独	1	1
1024		藏独靠	1	1
1025		藏獨	1	1
1026		藏妇会	1	1
1027		藏青会	1	1
1028		藏人	1	1
1029		藏人行政中央	1	1
1030		藏人支持和赞成	1	1
1031		藏人自焚	1	1
1032		藏人自焚档案	1	1
1033		操	1	1
1034		操GM	1	1
1035		操XX	1	1
1036		操薄一波	1	1
1037		操逼	1	1
1038		操逼毛	1	1
1039		操逼你老母	1	1
1040		操逼样	1	1
1041		操比	1	1
1042		操比毛	1	1
1043		操婊	1	1
1044		操婊子	1	1
1045		操宾周	1	1
1046		操冰毒	1	1
1047		操波霸	1	1
1048		操博讯	1	1
1049		操布莱尔	1	1
1050		操布雷尔	1	1
1051		操布什	1	1
1052		操财政部	1	1
1053		操参事室	1	1
1054		操藏独	1	1
1055		操操	1	1
1056		操操GM	1	1
1057		操操XX	1	1
1058		操操逼	1	1
1059		操操比	1	1
1060		操操蛋	1	1
1061		操操你	1	1
1062		操操你八辈祖宗	1	1
1063		操操你妈	1	1
1064		操操你妈屄	1	1
1065		操操他	1	1
1066		操曹刚川	1	1
1067		操草的你妈	1	1
1068		操草妈	1	1
1069		操草拟妈	1	1
1070		操草你妈	1	1
1071		操肏	1	1
1072		操测绘局	1	1
1073		操插GM	1	1
1074		操插你	1	1
1075		操插你妈	1	1
1076		操插妳	1	1
1077		操插深些	1	1
1078		操产权局	1	1
1079		操朝鲜	1	1
1080		操车臣	1	1
1081		操车仑	1	1
1082		操陈功	1	1
1083		操陈良宇	1	1
1084		操陈水扁	1	1
1085		操陈希同	1	1
1086		操陈晓宁	1	1
1087		操陈毅	1	1
1088		操陈至立	1	1
1089		操成人电影	1	1
1090		操成人片	1	1
1091		操吃大便	1	1
1092		操吃屎	1	1
1093		操迟浩田	1	1
1094		操赤匪	1	1
1095		操抽插	1	1
1096		操抽你丫的	1	1
1097		操臭化西	1	1
1098		操出售假币	1	1
1099		操出售枪支	1	1
1100		操出售手枪	1	1
1101		操吹喇叭	1	1
1102		操吹箫	1	1
1103		操春药	1	1
1104		操蠢猪	1	1
1105		操戳你	1	1
1106		操粗制吗啡	1	1
1107		操催情药	1	1
1108		操达赖	1	1
1109		操达赖喇嘛	1	1
1110		操打炮	1	1
1111		操大*FA弟*子	1	1
1112		操大B	1	1
1113		操大逼	1	1
1114		操大便	1	1
1115		操大波波	1	1
1116		操大东亚共荣	1	1
1117		操大法	1	1
1118		操蛋	1	1
1119		操鶏	1	1
1120		操林	1	1
1121		操那嗎B	1	1
1122		操那嗎逼	1	1
1123		操那嗎比	1	1
1124		操那吗B	1	1
1125		操那吗逼	1	1
1126		操那吗比	1	1
1127		操尼	1	1
1128		操你	1	1
1129		操你八辈祖宗	1	1
1130		操你姐	1	1
1131		操你老母	1	1
1132		操你妈	1	1
1133		操你妈屄	1	1
1134		操你妈靠	1	1
1135		操你媽	1	1
1136		操你妹	1	1
1137		操你奶	1	1
1138		操你全家	1	1
1139		操你爷爷	1	1
1140		操你爺爺	1	1
1141		操妳妈	1	1
1142		操他	1	1
1143		操他妈	1	1
1144		操她	1	1
1145		操她妈	1	1
1146		曹长青	1	1
1147		艹	1	1
1148		草的你妈	1	1
1149		草妈	1	1
1150		草拟妈	1	1
1151		草你	1	1
1152		草你 妈	1	1
1153		草你妈	1	1
1154		草你妈靠	1	1
1155		草你媽	1	1
1156		草擬媽	1	1
1157		肏	1	1
1158		侧那	1	1
1159		测绘局	1	1
1160		测拿	1	1
1161		插GM	1	1
1162		插那嗎B	1	1
1163		插那嗎逼	1	1
1164		插那嗎比	1	1
1165		插那吗B	1	1
1166		插那吗逼	1	1
1167		插那吗比	1	1
1168		插你	1	1
1169		插你妈	1	1
1170		插你媽	1	1
1171		插你爷爷	1	1
1172		插你爺爺	1	1
1173		插妳	1	1
1174		插深些	1	1
1175		蕆	1	1
1176		囅	1	1
1177		閶	1	1
1178		常勁	1	1
1179		朝鲜	1	1
1180		朝鮮	1	1
1181		车臣	1	1
1182		车仑	1	1
1183		車侖女幹	1	1
1184		陈水扁	1	1
1185		陳炳基	1	1
1186		陳博志	1	1
1187		陳定南	1	1
1188		陳建銘	1	1
1189		陳景俊	1	1
1190		陳菊	1	1
1191		陳軍	1	1
1192		陳良宇	1	1
1193		陳蒙	1	1
1194		陳破空	1	1
1195		陳水扁	1	1
1196		陳唐山	1	1
1197		陳希同	1	1
1198		陳小同	1	1
1199		陳宣良	1	1
1200		陳學聖	1	1
1201		陳一諮	1	1
1202		陳總統	1	1
1203		諶	1	1
1204		齔	1	1
1205		櫬	1	1
1206		讖	1	1
1207		成人电影	1	1
1208		成人片	1	1
1209		程鐵軍	1	1
1210		吃大便	1	1
1211		吃屎	1	1
1212		痴鳩	1	1
1213		痴拈	1	1
1214		鴟	1	1
1215		持不同政见	1	1
1216		持不同政見	1	1
1217		赤匪	1	1
1218		赤色的护身符	1	1
1219		赤色騎士	1	1
1220		赤色戰士	1	1
1221		抽插	1	1
1222		抽獎	1	1
1223		抽你丫的	1	1
1224		抽头	1	1
1225		臭化西	1	1
1226		臭机	1	1
1227		臭机八	1	1
1228		臭鸡	1	1
1229		臭鸡巴	1	1
1230		臭西	1	1
1231		出售此号	1	1
1232		出售此号靠	1	1
1233		出售假币	1	1
1234		出售枪支	1	1
1235		出售神符	1	1
1236		出售神符靠	1	1
1237		出售手枪	1	1
1238		出售账号	1	1
1239		出售账号靠	1	1
1240		楚雄市	1	1
1241		处女膜	1	1
1242		處女膜	1	1
1243		穿藏装	1	1
1244		吹喇叭	1	1
1245		吹簫	1	1
1246		春夏自由論壇	1	1
1247		春药	1	1
1248		蠢猪	1	1
1249		戳那嗎B	1	1
1250		戳那嗎逼	1	1
1251		戳那嗎比	1	1
1252		戳那吗B	1	1
1253		戳那吗逼	1	1
1254		戳那吗比	1	1
1255		戳你	1	1
1256		粗制吗啡	1	1
1257		催情药	1	1
1258		鹾	1	1
1259		鹺	1	1
1260		错B	1	1
1261		错逼	1	1
1262		错比	1	1
1263		错那吗B	1	1
1264		错那吗逼	1	1
1265		错那吗比	1	1
1266		錯B	1	1
1267		錯逼	1	1
1268		錯比	1	1
1269		錯那嗎B	1	1
1270		錯那嗎逼	1	1
1271		錯那嗎比	1	1
1272		达赖	1	1
1273		达赖代表	1	1
1274		达赖喇嘛	1	1
1275		达赖喇嘛返藏	1	1
1276		达赖喇嘛和平慈悲日	1	1
1277		达赖喇嘛宗教基金会	1	1
1278		达癞	1	1
1279		达兰萨拉日与夜	1	1
1280		達癩	1	1
1281		打倒共产党	1	1
1282		打飞机	1	1
1283		打飛機	1	1
1284		打虎	1	1
1285		打炮	1	1
1286		打砸抢烧	1	1
1287		打砸搶燒	1	1
1288		大*FA弟*子	1	1
1289		大B	1	1
1290		大逼	1	1
1291		大便	1	1
1292		大波波	1	1
1293		大参考	1	1
1294		大參考	1	1
1295		大东亚	1	1
1296		大东亚共荣	1	1
1297		大東亞	1	1
1298		大東亞共榮	1	1
1299		大法	1	1
1300		大法弟子	1	1
1301		大花B	1	1
1302		大会堂	1	1
1303		大鶏巴	1	1
1304		大纪元	1	1
1305		大纪元新闻网	1	1
1306		大纪园	1	1
1307		大紀元	1	1
1308		大紀元新聞網	1	1
1309		大紀園	1	1
1310		大家论坛	1	1
1311		大家論壇	1	1
1312		大理	0	1
1313		大麻	1	1
1314		大麻树脂	1	1
1315		大麻油	1	1
1316		大奶媽	1	1
1317		大师	1	1
1318		大史紀	1	1
1319		大史記	1	1
1320		大树营	1	1
1321		大卫教	1	1
1322		大衛教	1	1
1323		大学骚乱	1	1
1324		大血B	1	1
1325		大血比	1	1
1326		大中国论坛	1	1
1327		大中國論壇	1	1
1328		大中华论坛	1	1
1329		大中華論壇	1	1
1330		大众真人真事	1	1
1331		大衆真人真事	1	1
1332		呆卵	1	1
1333		歹徒口供	1	1
1334		代表大会	1	1
1335		盗窃	1	1
1336		盗窃犯	1	1
1337		道教	1	1
1338		盜竊犯	1	1
1339		得寸进尺	1	1
1340		德維爾	1	1
1341		登輝	1	1
1342		邓小平	1	1
1343		鄧笑貧	1	1
1344		迪里夏提	1	1
1345		迪裏夏提	1	1
1346		敌意	1	1
1347		糴	1	1
1348		地铁	1	1
1349		地下教會	1	1
1350		地震局	1	1
1351		弟大物勃	1	1
1352		帝国主义	1	1
1353		帝國主義	1	1
1354		帝顺	1	1
1355		蒂顺	1	1
1356		缔顺	1	1
1357		电监会	1	1
1358		電視流氓	1	1
1359		叼你	1	1
1360		叼你妈	1	1
1361		叼你媽	1	1
1362		屌	1	1
1363		屌7	1	1
1364		屌鸠	1	1
1365		屌毛	1	1
1366		屌妳	1	1
1367		屌七	1	1
1368		屌西	1	1
1369		钓鱼岛	1	1
1370		钓鱼台	1	1
1371		釣魚島	1	1
1372		丁關根	1	1
1373		东北独立	1	1
1374		东北各地	1	1
1375		东方红时空	1	1
1376		东方时空	1	1
1377		东南西北论谈	1	1
1378		东条	1	1
1379		东条英机	1	1
1380		东突	1	1
1381		东突暴动	1	1
1382		东突暴动和独立	1	1
1383		东突独立	1	1
1384		东突厥	1	1
1385		东突厥斯坦伊斯兰运动	1	1
1386		东突组织	1	1
1387		东土耳其斯坦	1	1
1388		东西南北论坛	1	1
1389		东亚病夫	1	1
1390		东正教	1	1
1391		東北獨立	1	1
1392		東方紅時空	1	1
1393		東方時空	1	1
1394		東南西北論談	1	1
1395		東社	1	1
1396		東升	1	1
1397		東條	1	1
1398		東條英機	1	1
1399		東突暴動	1	1
1400		東突獨立	1	1
1401		東土耳其斯坦	1	1
1402		東土耳其斯坦）	1	1
1403		東西南北論壇	1	1
1404		東亞	1	1
1405		动乱	1	1
1406		動亂	1	1
1407		独裁	1	1
1408		独裁政治	1	1
1409		独夫	1	1
1410		独立	1	1
1411		独立台湾会	1	1
1412		渎职罪	1	1
1413		獨裁	1	1
1414		獨裁政治	1	1
1415		獨夫	1	1
1416		獨立臺灣會	1	1
1417		赌博	1	1
1418		赌马	1	1
1419		赌球	1	1
1420		杜冷丁	1	1
1421		短信群发器	1	1
1422		对日强硬	1	1
1423		多麦协会	1	1
1424		多维社	1	1
1425		多维网	1	1
1426		多维新闻	1	1
1427		多维周刊	1	1
1428		屙	1	1
1429		额尔德尼	1	1
1430		恶搞晚会	1	1
1431		恩格斯	1	1
1432		鮞	1	1
1433		二B	1	1
1434		二屄	1	1
1435		二逼	1	1
1436		二乙基酰胺	1	1
1437		发改委	1	1
1438		发奖使者	1	1
1439		发抡	1	1
1440		发抡功	1	1
1441		发仑	1	1
1442		发伦	1	1
1443		发伦功	1	1
1444		发囵	1	1
1445		发沦	1	1
1446		发轮	1	1
1447		发轮功	1	1
1448		发论	1	1
1449		发论公	1	1
1450		发论功	1	1
1451		发骚	1	1
1452		发展研究中心	1	1
1453		发正念	1	1
1454		發楞	1	1
1455		發掄	1	1
1456		發掄功	1	1
1457		發倫	1	1
1458		發倫功	1	1
1459		發輪	1	1
1460		發論	1	1
1461		發論公	1	1
1462		發論功	1	1
1463		發騷	1	1
1464		發正念	1	1
1465		法(轮)功	1	1
1466		法*轮*功	1	1
1467		法~倫	1	1
1468		法~淪	1	1
1469		法~綸	1	1
1470		法~輪	1	1
1471		法~論	1	1
1472		法爾卡	1	1
1473		法功	1	1
1474		法愣	1	1
1475		法抡	1	1
1476		法掄	1	1
1477		法掄功	1	1
1478		法仑	1	1
1479		法伦	1	1
1480		法囵	1	1
1481		法纶	1	1
1482		法轮	1	1
1483		法轮大法	1	1
1484		法轮大法靠	1	1
1485		法轮功	1	1
1486		法轮功靠	1	1
1487		法侖	1	1
1488		法淪	1	1
1489		法綸	1	1
1490		法輪大法	1	1
1491		法輪功	1	1
1492		法十輪十功	1	1
1493		法西斯	1	1
1494		法謫	1	1
1495		法謫功	1	1
1496		法制办	1	1
1497		反党	1	1
1498		反动	1	1
1499		反封锁技术	1	1
1500		反封鎖技術	1	1
1501		反腐败论坛	1	1
1502		反腐敗論壇	1	1
1503		反革命	1	1
1504		反共	1	1
1505		反华	1	1
1506		反恐委员会	1	1
1507		反人类	1	1
1508		反人類	1	1
1509		反日	1	1
1510		反社会	1	1
1511		反社會	1	1
1512		反政府	1	1
1513		贩毒	1	1
1514		方勵之	1	1
1515		放荡	1	1
1516		放蕩	1	1
1517		飛揚論壇	1	1
1518		废物	1	1
1519		費鴻泰	1	1
1520		費良勇	1	1
1521		分裂分子	1	1
1522		分裂祖国	1	1
1523		分批行动	1	1
1524		粉飾太平	1	1
1525		粪	1	1
1526		粪便	1	1
1527		糞便	1	1
1528		鱝	1	1
1529		风雨神州	1	1
1530		风雨神州论坛	1	1
1531		封從德	1	1
1532		風雨神州	1	1
1533		風雨神州論壇	1	1
1534		馮東海	1	1
1535		馮素英	1	1
1536		佛教	1	1
1537		佛展千手法	1	1
1538		佛祖	1	1
1539		紱	1	1
1540		福州机场	1	1
1541		襆	1	1
1542		斧头镰刀	1	1
1543		傅作義	1	1
1544		尕玛才旺	1	1
1545		改变西藏政策	1	1
1546		赶你娘	1	1
1547		趕你娘	1	1
1548		干bi	1	1
1549		干GM	1	1
1550		干X	1	1
1551		干爆	1	1
1552		干逼	1	1
1553		干比	1	1
1554		干到	1	1
1555		干的你	1	1
1556		干干干	1	1
1557		干机	1	1
1558		干鸡	1	1
1559		干啦	1	1
1560		干勒	1	1
1561		干拎娘	1	1
1562		干林	1	1
1563		干尼	1	1
1564		干你	1	1
1565		干你老比	1	1
1566		干你老母	1	1
1567		干你妈	1	1
1568		干你妈B	1	1
1569		干你妈逼	1	1
1570		干你娘	1	1
1571		干妳	1	1
1572		干妳老母	1	1
1573		干妳妈	1	1
1574		干妳娘	1	1
1575		干您	1	1
1576		干七八	1	1
1577		干全家	1	1
1578		干汝	1	1
1579		干入	1	1
1580		干爽	1	1
1581		干死	1	1
1582		干死你	1	1
1583		干他	1	1
1584		干他妈	1	1
1585		干它	1	1
1586		干她	1	1
1587		干她妈	1	1
1588		干牠	1	1
1589		干我	1	1
1590		干新疆人	1	1
1591		干一干	1	1
1592		干一家	1	1
1593		幹bi	1	1
1594		幹逼	1	1
1595		幹比	1	1
1596		幹的你	1	1
1597		幹幹幹	1	1
1598		幹你	1	1
1599		幹你老比	1	1
1600		幹你老母	1	1
1601		幹你娘	1	1
1602		幹全家	1	1
1603		幹死	1	1
1604		幹死你	1	1
1605		幹他	1	1
1606		幹她	1	1
1607		幹一家	1	1
1608		冈峦	1	1
1609		刚比	1	1
1610		刚比样子	1	1
1611		肛	1	1
1612		肛交	1	1
1613		肛门	1	1
1614		肛門	1	1
1615		岡巒	1	1
1616		剛比	1	1
1617		剛比樣子	1	1
1618		港澳办	1	1
1619		高丽棒子	1	1
1620		高丽朴	1	1
1621		高麗棒子	1	1
1622		高校暴乱	1	1
1623		高校群体事件	1	1
1624		高校骚乱	1	1
1625		高薪養廉	1	1
1626		高治联	1	1
1627		高自联	1	1
1628		高自聯	1	1
1629		睾	1	1
1630		睾丸	1	1
1631		膏药旗	1	1
1632		膏藥旗	1	1
1633		告西藏同胞书	1	1
1634		歌功頌德	1	1
1635		鴿派	1	1
1636		格杀	1	1
1637		个旧	1	1
1638		鯁	1	1
1639		工力	1	1
1640		工商局	1	1
1641		工自联	1	1
1642		工自聯	1	1
1643		工作人员	1	1
1644		弓虽女干	1	1
1645		弓雖	1	1
1646		公安	1	1
1647		公安部	1	1
1648		公安局	1	1
1649		公共场所	1	1
1650		公雅寺高僧	1	1
1651		功友	1	1
1652		共 产党	1	1
1653		共产 党	1	1
1654		共产党	1	1
1655		共产党靠	1	1
1656		共产主义	1	1
1657		共産	1	1
1658		共産黨	1	1
1659		共産主義	1	1
1660		共党	1	1
1661		共黨	1	1
1662		共匪	1	1
1663		共狗	1	1
1664		共军	1	1
1665		共軍	1	1
1666		共青团员	1	1
1667		共荣圈	1	1
1668		共榮圈	1	1
1669		緱	1	1
1670		韝	1	1
1671		狗0日	1	1
1672		狗b	1	1
1673		狗操	1	1
1674		狗操卖逼	1	1
1675		狗誠	1	1
1676		狗干	1	1
1677		狗狼养的	1	1
1678		狗狼養的	1	1
1679		狗卵	1	1
1680		狗娘	1	1
1681		狗娘养的	1	1
1682		狗娘養的	1	1
1683		狗屁	1	1
1684		狗日	1	1
1685		狗日的	1	1
1686		狗日靠	1	1
1687		狗屎	1	1
1688		狗养	1	1
1689		狗養	1	1
1690		狗杂种	1	1
1691		狗雜種	1	1
1692		覯	1	1
1693		轂	1	1
1694		古方迷香	1	1
1695		鯝	1	1
1696		鴰	1	1
1697		詿	1	1
1698		拐卖	1	1
1699		观世音	1	1
1700		观音桥	1	1
1701		官逼民反	1	1
1702		官渡区	1	1
1703		官商勾结	1	1
1704		關卓中	1	1
1705		管理0员	1	1
1706		管理员	1	1
1707		管理員	1	1
1708		管制刀具	1	1
1709		貫通兩極法	1	1
1710		灌云	1	1
1711		光明日报	1	1
1712		广电局	1	1
1713		广闻	1	1
1714		廣聞	1	1
1715		龟儿子	1	1
1716		龟公	1	1
1717		龟孙子	1	1
1718		龟头	1	1
1719		龟投	1	1
1720		嬀	1	1
1721		龜兒子	1	1
1722		龜公	1	1
1723		龜孫子	1	1
1724		龜投	1	1
1725		龜頭	1	1
1726		鬼村	1	1
1727		刿	1	1
1728		劌	1	1
1729		绲	1	1
1730		滚那吗	1	1
1731		滚那吗B	1	1
1732		滚那吗错比	1	1
1733		滚那吗老比	1	1
1734		滚那吗瘟比	1	1
1735		滾那嗎	1	1
1736		滾那嗎B	1	1
1737		滾那嗎錯比	1	1
1738		滾那嗎老比	1	1
1739		滾那嗎瘟比	1	1
1740		国安局	1	1
1741		国防部	1	1
1742		国防科工委	1	1
1743		国管局	1	1
1744		国际法院	1	1
1745		国际声援西藏	1	1
1746		国际声援西藏运动	1	1
1747		国家安全	1	1
1748		国家机密	1	1
1749		国家民委	1	1
1750		国家主席	1	1
1751		国家主要部委	1	1
1752		国军	1	1
1753		国民党	1	1
1754		国民党万岁	1	1
1755		国土资源部	1	1
1756		国务院	1	1
1757		国研室	1	1
1758		国贼	1	1
1759		国资委	1	1
1760		國家安全	1	1
1761		國家機密	1	1
1762		國軍	1	1
1763		國賊	1	1
1764		哈批	1	1
1765		海关总署	1	1
1766		海洛因	1	1
1767		海洋局	1	1
1768		汉奸	1	1
1769		漢奸	1	1
1770		和锅枪	1	1
1771		河殤	1	1
1772		贺过墙	1	1
1773		賀國强	1	1
1774		賀龍	1	1
1775		赫鲁晓夫	1	1
1776		黑 手党	1	1
1777		黑帮	1	1
1778		黑社会	1	1
1779		黑社會	1	1
1780		黑手，党	1	1
1781		黑手p党	1	1
1782		黑手党	1	1
1783		黑手黨	1	1
1784		红灯区	1	1
1785		红河步行街	1	1
1786		红河州	1	1
1787		红色恐怖	1	1
1788		红卫兵	1	1
1789		紅燈區	1	1
1790		紅色恐怖	1	1
1791		紅炎猛獸	1	1
1792		黌	1	1
1793		鱟	1	1
1794		呼市	1	1
1795		胡XX	1	1
1796		胡紧涛	1	1
1797		胡紧掏	1	1
1798		胡紧套	1	1
1799		胡锦涛	1	1
1800		胡锦涛靠	1	1
1801		胡锦滔	1	1
1802		胡锦淘	1	1
1803		胡緊掏	1	1
1804		胡錦滔	1	1
1805		胡錦淘	1	1
1806		許家屯	1	1
1807		許信良	1	1
1808		鸌	1	1
1809		花柳	1	1
1810		华通时事论坛	1	1
1811		华夏文摘	1	1
1812		华语世界论坛	1	1
1813		华岳时事论坛	1	1
1814		華建敏	1	1
1815		華通時事論壇	1	1
1816		華夏文摘	1	1
1817		華語世界論壇	1	1
1818		華岳時事論壇	1	1
1819		欢城互动	1	1
1820		环保总局	1	1
1821		鍰	1	1
1822		换妻	1	1
1823		皇军	1	1
1824		皇軍	1	1
1825		黄　菊	1	1
1826		黄祸	1	1
1827		黄菊	1	1
1828		黄片	1	1
1829		黄色	1	1
1830		黄色电影	1	1
1831		黄色夹克	1	1
1832		黄色靠	1	1
1833		黄色小电影	1	1
1834		黃伯源	1	1
1835		黃慈萍	1	1
1836		黃禍	1	1
1837		黃劍輝	1	1
1838		黃菊	1	1
1839		黃片	1	1
1840		恢复中藏接谈	1	1
1841		回回	1	1
1842		回教	1	1
1843		回民暴动	1	1
1844		回民暴動	1	1
1845		回民吃猪肉	1	1
1846		回族人吃猪肉	1	1
1847		会泽	1	1
1848		噦	1	1
1849		繢	1	1
1850		昏药	1	1
1851		混 沌决	1	1
1852		混 沌决靠	1	1
1853		混沌诀	1	1
1854		混沌诀靠	1	1
1855		混沌靠	1	1
1856		鍃	1	1
1857		活动大使	1	1
1858		活捉	1	1
1859		火棒	1	1
1860		击毙	1	1
1861		机八	1	1
1862		机巴	1	1
1863		机叭	1	1
1864		机掰	1	1
1865		【鸡】	1	1
1866		鸡 巴	1	1
1867		鸡，巴	1	1
1868		鸡八	1	1
1869		鸡巴	1	1
1870		鸡巴o	1	1
1871		鸡巴靠	1	1
1872		鸡叭	1	1
1873		鸡芭	1	1
1874		鸡掰	1	1
1875		鸡鸡	1	1
1876		鸡奸	1	1
1877		鸡毛信文汇	1	1
1878		鸡歪	1	1
1879		姬勝德	1	1
1880		基地组织	1	1
1881		基督	1	1
1882		基督教	1	1
1883		賫	1	1
1884		激情电影	1	1
1885		激情小电影	1	1
1886		鶏8	1	1
1887		鶏八	1	1
1888		鶏巴	1	1
1889		鶏吧	1	1
1890		鶏鶏	1	1
1891		鶏奸	1	1
1892		鶏毛信文匯	1	1
1893		鶏女	1	1
1894		鶏院	1	1
1895		吉比特	1	1
1896		集中营	1	1
1897		覿	1	1
1898		几届中央政治局委员	1	1
1899		计牌软件	1	1
1900		计生委	1	1
1901		纪念西藏爱国英雄纪念碑	1	1
1902		妓	1	1
1903		妓女	1	1
1904		妓女靠	1	1
1905		妓院	1	1
1906		继续杀人	1	1
1907		鱭	1	1
1908		佳静安定片	1	1
1909		嘉瓦仁波切	1	1
1910		假青林	1	1
1911		假庆林	1	1
1912		賈廷安	1	1
1913		賈育台	1	1
1914		尖阁列岛	1	1
1915		奸	1	1
1916		奸暴	1	1
1917		奸夫淫妇	1	1
1918		奸你	1	1
1919		奸他	1	1
1920		奸她	1	1
1921		奸一奸	1	1
1922		奸淫	1	1
1923		戔	1	1
1924		监察部	1	1
1925		监管局	1	1
1926		监听王	1	1
1927		监狱式管理	1	1
1928		检察院	1	1
1929		简鸿章	1	1
1930		簡肇棟	1	1
1931		建國黨	1	1
1932		建设部	1	1
1933		建水大道	1	1
1934		贱	1	1
1935		贱B	1	1
1936		贱bi	1	1
1937		贱逼	1	1
1938		贱比	1	1
1939		贱货	1	1
1940		贱人	1	1
1941		贱种	1	1
1942		賤B	1	1
1943		賤bi	1	1
1944		賤逼	1	1
1945		賤比	1	1
1946		賤貨	1	1
1947		賤人	1	1
1948		賤種	1	1
1949		江Core	1	1
1950		江八	1	1
1951		江八点	1	1
1952		江八點	1	1
1953		江北中医院	1	1
1954		江独裁	1	1
1955		江汉路	1	1
1956		江核心	1	1
1957		江羅	1	1
1958		江綿恒	1	1
1959		江派犯罪集团	1	1
1960		江青	1	1
1961		江戏子	1	1
1962		江戲子	1	1
1963		江油	1	1
1964		江则民	1	1
1965		江择民	1	1
1966		江泽慧	1	1
1967		江泽民	1	1
1968		江泽民靠	1	1
1969		江則民	1	1
1970		江澤慧	1	1
1971		江贼	1	1
1972		江贼民	1	1
1973		江賊	1	1
1974		江賊民	1	1
1975		江折民	1	1
1976		江猪	1	1
1977		江猪媳	1	1
1978		江主席	1	1
1979		将则民	1	1
1980		將則民	1	1
1981		僵贼	1	1
1982		僵贼民	1	1
1983		僵賊	1	1
1984		僵賊民	1	1
1985		薑春雲	1	1
1986		疆独	1	1
1987		疆独立	1	1
1988		蒋介石	1	1
1989		蒋经国	1	1
1990		蒋中正	1	1
1991		蔣介石	1	1
1992		蔣中正	1	1
1993		講法	1	1
1994		酱猪媳	1	1
1995		醬猪媳	1	1
1996		交通部	1	1
1997		姣西	1	1
1998		叫床	1	1
1999		叫鸡	1	1
2000		叫小姐	1	1
2001		教徒	1	1
2002		教学改变决定	1	1
2003		教養院	1	1
2004		教育部	1	1
2005		揭批書	1	1
2006		街头对抗	1	1
2007		街头对抗靠	1	1
2008		戒备森严	1	1
2009		届中央政治局委员	1	1
2010		届中央政治局委員	1	1
2011		金枪不倒	1	1
2012		金槍不倒	1	1
2013		金日成	1	1
2014		金堯如	1	1
2015		金澤辰	1	1
2016		金正日	1	1
2017		巹	1	1
2018		紧急通知	1	1
2019		錦濤	1	1
2020		禁书	1	1
2021		茎	1	1
2022		茎候佳阴	1	1
2023		经济社会理事会	1	1
2024		经社理事会	1	1
2025		经血	1	1
2026		莖候佳陰	1	1
2027		經文	1	1
2028		經血	1	1
2029		精液	1	1
2030		精子	1	1
2031		警匪一家	1	1
2032		敬国神社	1	1
2033		靖国神社	1	1
2034		靖國神社	1	1
2035		静坐	1	1
2036		纠察员	1	1
2037		鸠	1	1
2038		鸠屎	1	1
2039		九?十?三西藏政治犯运动	1	1
2040		齟	1	1
2041		屨	1	1
2042		絕望之地	1	1
2043		譎	1	1
2044		军国主义	1	1
2045		军妓	1	1
2046		军事委员会	1	1
2047		军委	1	1
2048		军长发威	1	1
2049		軍妓	1	1
2050		开苞	1	1
2051		开放杂志	1	1
2052		開苞	1	1
2053		開放雜志	1	1
2054		砍	1	1
2055		砍翻一條街	1	1
2056		砍人	1	1
2057		砍杀	1	1
2058		砍杀事件	1	1
2059		砍死	1	1
2060		看牌器	1	1
2061		看牌软件	1	1
2062		看棋器	1	1
2063		看棋软件	1	1
2064		看中國	1	1
2065		尻	1	1
2066		靠	1	1
2067		靠你妈	1	1
2068		靠你媽	1	1
2069		靠腰	1	1
2070		柯賜海	1	1
2071		嗑药	1	1
2072		可待因	1	1
2073		可卡叶	1	1
2074		可卡因	1	1
2075		克林顿	1	1
2076		客戶服務	1	1
2077		客户服务	1	1
2078		客户服务人员	1	1
2079		客运站	1	1
2080		緙	1	1
2081		掯	1	1
2082		恐怖	1	1
2083		恐怖暴力	1	1
2084		恐怖暴力事件	1	1
2085		恐怖分子	1	1
2086		恐怖分子 	1	1
2087		恐怖分子杀到内地了	1	1
2088		恐怖份子	1	1
2089		恐怖事件	1	1
2090		恐怖袭击	1	1
2091		恐怖主义	1	1
2092		恐怖主義	1	1
2093		恐怖组织	1	1
2094		瞘	1	1
2095		口供	1	1
2096		口交	1	1
2097		口交靠	1	1
2098		嚳	1	1
2099		狂操	1	1
2100		狂操你全家	1	1
2101		貺	1	1
2102		鄺錦文	1	1
2103		昆华医院	1	1
2104		昆明301事件	1	1
2105		昆明火车站	1	1
2106		昆圖	1	1
2107		垃圾游戏	1	1
2108		垃圾游戏靠	1	1
2109		拉登	1	1
2110		拉嘎	1	1
2111		拉姆斯菲尔德	1	1
2112		拉姆斯菲爾德	1	1
2113		拉皮条	1	1
2114		拉皮條	1	1
2115		拉萨	1	1
2116		来插我	1	1
2117		来干	1	1
2118		来爽我	1	1
2119		賴士葆	1	1
2120		览叫	1	1
2121		懒教	1	1
2122		烂B	1	1
2123		烂屄	1	1
2124		烂逼	1	1
2125		烂比	1	1
2126		烂袋	1	1
2127		烂屌	1	1
2128		烂货	1	1
2129		烂鸟	1	1
2130		烂人	1	1
2131		烂游戏	1	1
2132		烂游戏靠	1	1
2133		滥B	1	1
2134		滥逼	1	1
2135		滥比	1	1
2136		滥货	1	1
2137		滥交	1	1
2138		濫B	1	1
2139		濫逼	1	1
2140		濫比	1	1
2141		濫貨	1	1
2142		濫交	1	1
2143		爛B	1	1
2144		爛逼	1	1
2145		爛比	1	1
2146		爛袋	1	1
2147		爛貨	1	1
2148		狼狈为奸	1	1
2149		劳+教+所	1	1
2150		劳动保障部	1	1
2151		劳动教养所	1	1
2152		劳改	1	1
2153		劳教	1	1
2154		勞動教養所	1	1
2155		勞改	1	1
2156		勞教	1	1
2157		老逼	1	1
2158		老虎机	1	1
2159		老毛子	1	1
2160		老母	1	1
2161		鰳	1	1
2162		誄	1	1
2163		离长春	1	1
2164		黎阳评	1	1
2165		李大师	1	1
2166		李大钊	1	1
2167		李登辉	1	1
2168		李弘旨	1	1
2169		李红志	1	1
2170		李宏旨	1	1
2171		李宏志	1	1
2172		李洪寬	1	1
2173		李洪志	1	1
2174		李紅痔	1	1
2175		李繼耐	1	1
2176		李磕墙	1	1
2177		李克强	1	1
2178		李岚清	1	1
2179		李蘭菊	1	1
2180		李老師	1	1
2181		李祿	1	1
2182		李錄	1	1
2183		李鹏	1	1
2184		李鹏*	1	1
2185		李慶安	1	1
2186		李慶華	1	1
2187		李瑞环	1	1
2188		李山	1	1
2189		李淑嫻	1	1
2190		李铁映	1	1
2191		李鐵映	1	1
2192		李旺陽	1	1
2193		李先念	1	1
2194		李小鵬	1	1
2195		李月月鳥	1	1
2196		李长春	1	1
2197		李志綏	1	1
2198		李總理	1	1
2199		李總統	1	1
2200		裏菲斯	1	1
2201		鱧	1	1
2202		轢	1	1
2203		连战	1	1
2204		連方瑀	1	1
2205		連惠心	1	1
2206		連勝德	1	1
2207		連勝文	1	1
2208		連戰	1	1
2209		联大	1	1
2210		联合国	1	1
2211		联合国大会	1	1
2212		联合国人权专员	1	1
2213		联易	1	1
2214		联易互动	1	1
2215		联总	1	1
2216		联总之声传单	1	1
2217		廉政大论坛	1	1
2218		廉政大論壇	1	1
2219		奩	1	1
2220		聯總	1	1
2221		煉功	1	1
2222		粮食局	1	1
2223		两岸关系	1	1
2224		两岸三地论坛	1	1
2225		两个中国	1	1
2226		两会	1	1
2227		两会报道	1	1
2228		两会代表	1	1
2229		两会期间	1	1
2230		两会新闻	1	1
2231		两腿之间	1	1
2232		兩岸關係	1	1
2233		兩岸三地論壇	1	1
2234		兩個中國	1	1
2235		兩會報道	1	1
2236		兩會新聞	1	1
2237		廖錫龍	1	1
2238		列宁	1	1
2239		林保華	1	1
2240		林彪	1	1
2241		林長盛	1	1
2242		林佳龍	1	1
2243		林泉幼儿园	1	1
2244		林信義	1	1
2245		林业局	1	1
2246		林正勝	1	1
2247		林重謨	1	1
2248		淋病	1	1
2249		躪	1	1
2250		凌晨两点	1	1
2251		淩鋒	1	1
2252		另一个地方	1	1
2253		流氓	1	1
2254		劉賓深	1	1
2255		劉賓雁	1	1
2256		劉剛	1	1
2257		劉國凱	1	1
2258		劉華清	1	1
2259		劉俊國	1	1
2260		劉凱中	1	1
2261		劉千石	1	1
2262		劉青	1	1
2263		劉山青	1	1
2264		劉士賢	1	1
2265		劉文勝	1	1
2266		劉文雄	1	1
2267		劉曉波	1	1
2268		劉曉竹	1	1
2269		劉永川	1	1
2270		六.四	1	1
2271		六。四	1	1
2272		六合彩	1	1
2273		六盘水	1	1
2274		六四	1	1
2275		六-四	1	1
2276		六四事件	1	1
2277		六四运动	1	1
2278		六四真相	1	1
2279		鷚	1	1
2280		龙虎靠	1	1
2281		龙首	1	1
2282		龙新民	1	1
2283		龍虎豹	1	1
2284		龍首	1	1
2285		娄底娄星广场	1	1
2286		陆委会	1	1
2287		陸委會	1	1
2288		輅	1	1
2289		卵	1	1
2290		卵巢	1	1
2291		乱交	1	1
2292		乱砍人	1	1
2293		乱伦	1	1
2294		乱轮	1	1
2295		亂交	1	1
2296		亂倫	1	1
2297		亂輪	1	1
2298		掄功	1	1
2299		轮干	1	1
2300		轮功	1	1
2301		轮奸	1	1
2302		轮流干	1	1
2303		轮盘赌	1	1
2304		倫功	1	1
2305		輪大	1	1
2306		輪功	1	1
2307		輪奸	1	1
2308		论坛管理员	1	1
2309		論壇管理員	1	1
2310		腡	1	1
2311		骡干	1	1
2312		羅福助	1	1
2313		羅幹	1	1
2314		羅禮詩	1	1
2315		羅文嘉	1	1
2316		羅志明	1	1
2317		濼	1	1
2318		吕秀莲	1	1
2319		呂京花	1	1
2320		呂秀蓮	1	1
2321		旅游局	1	1
2322		鋝	1	1
2323		妈B	1	1
2324		妈逼	1	1
2325		妈逼靠	1	1
2326		妈比	1	1
2327		妈的	1	1
2328		妈的靠	1	1
2329		妈卖妈屁	1	1
2330		妈批	1	1
2331		妈祖	1	1
2332		媽B	1	1
2333		媽比	1	1
2334		媽的	1	1
2335		媽批	1	1
2336		麻醉钢枪	1	1
2337		麻醉枪	1	1
2338		麻醉药	1	1
2339		麻醉乙醚	1	1
2340		嗎的	1	1
2341		嗎啡	1	1
2342		马克思	1	1
2343		马卖马屁	1	1
2344		马英九	1	1
2345		馬大維	1	1
2346		馬克思	1	1
2347		馬良駿	1	1
2348		馬三家	1	1
2349		馬時敏	1	1
2350		馬特斯	1	1
2351		馬英九	1	1
2352		馬永成	1	1
2353		瑪雅	1	1
2354		吗的	1	1
2355		吗的靠	1	1
2356		吗啡	1	1
2357		吗啡碱	1	1
2358		吗啡片	1	1
2359		买财富	1	1
2360		买卖枪支	1	1
2361		麦角酸	1	1
2362		卖.国	1	1
2363		卖B	1	1
2364		卖ID	1	1
2365		卖QQ	1	1
2366		卖逼	1	1
2367		卖比	1	1
2368		卖财富	1	1
2369		卖党求荣	1	1
2370		卖国	1	1
2371		卖国求荣	1	1
2372		卖号	1	1
2373		卖号靠	1	1
2374		卖卡	1	1
2375		卖软件	1	1
2376		卖骚	1	1
2377		卖药	1	1
2378		卖淫	1	1
2379		麥克斯	1	1
2380		勱	1	1
2381		賣逼	1	1
2382		賣比	1	1
2383		賣國	1	1
2384		賣騷	1	1
2385		賣淫	1	1
2386		瞞報	1	1
2387		慢性毒药	1	1
2388		毛XX	1	1
2389		毛厕洞	1	1
2390		毛厠洞	1	1
2391		毛东突暴动和独立	1	1
2392		毛东突组织	1	1
2393		毛东亚病夫	1	1
2394		毛董建华	1	1
2395		毛董贱华	1	1
2396		毛董文华	1	1
2397		毛懂文华	1	1
2398		毛独立	1	1
2399		毛独立台湾会	1	1
2400		毛短信群发器	1	1
2401		毛对日强硬	1	1
2402		毛多维社	1	1
2403		毛多维网	1	1
2404		毛多维新闻	1	1
2405		毛多维周刊	1	1
2406		毛恶搞晚会	1	1
2407		毛恩格斯	1	1
2408		毛二B	1	1
2409		毛二屄	1	1
2410		毛二逼	1	1
2411		毛二乙基酰胺	1	1
2412		毛发改委	1	1
2413		毛发奖使者	1	1
2414		毛发抡	1	1
2415		毛发抡功	1	1
2416		毛发伦	1	1
2417		毛发伦功	1	1
2418		毛发轮	1	1
2419		毛发论	1	1
2420		毛发论公	1	1
2421		毛发论功	1	1
2422		毛发骚	1	1
2423		毛发展研究中心	1	1
2424		毛发正念	1	1
2425		毛法(轮)功	1	1
2426		毛法*轮*功	1	1
2427		毛法功	1	1
2428		毛法愣	1	1
2429		毛法仑	1	1
2430		毛法轮	1	1
2431		毛法轮大法	1	1
2432		毛法轮功	1	1
2433		毛法西斯	1	1
2434		毛法制办	1	1
2435		毛反动	1	1
2436		毛反封锁技术	1	1
2437		毛反革命	1	1
2438		毛反共	1	1
2439		毛反华	1	1
2440		毛反恐委员会	1	1
2441		毛反日	1	1
2442		毛反政府	1	1
2443		毛分裂祖国	1	1
2444		毛佛教	1	1
2445		毛佛展千手法	1	1
2446		毛佛祖	1	1
2447		毛斧头镰刀	1	1
2448		毛傅鹏	1	1
2449		毛傅作义	1	1
2450		毛干GM	1	1
2451		毛干拎娘	1	1
2452		毛干你	1	1
2453		毛干你妈	1	1
2454		毛干你妈b	1	1
2455		毛干你妈逼	1	1
2456		毛干你娘	1	1
2457		毛干妳	1	1
2458		毛干妳老母	1	1
2459		毛干妳妈	1	1
2460		毛干妳娘	1	1
2461		毛干七八	1	1
2462		毛干死你	1	1
2463		毛肛	1	1
2464		毛肛交	1	1
2465		毛肛门	1	1
2466		毛港澳办	1	1
2467		毛高俊	1	1
2468		毛高丽棒子	1	1
2469		毛高校暴乱	1	1
2470		毛高校群体事件	1	1
2471		毛高校骚乱	1	1
2472		毛睾	1	1
2473		毛睾丸	1	1
2474		毛膏药旗	1	1
2475		毛工力	1	1
2476		毛工商局	1	1
2477		毛工作人员	1	1
2478		毛弓虽女干	1	1
2479		毛公安	1	1
2480		毛公安部	1	1
2481		毛公安局	1	1
2482		毛共产党	1	1
2483		毛共产主义	1	1
2484		毛共匪	1	1
2485		毛共狗	1	1
2486		毛共青团员	1	1
2487		毛狗b	1	1
2488		毛狗操	1	1
2489		毛狗卵	1	1
2490		毛狗娘	1	1
2491		毛狗屁	1	1
2492		毛狗日	1	1
2493		毛狗日的	1	1
2494		毛狗屎	1	1
2495		毛狗养	1	1
2496		毛古方迷香	1	1
2497		毛观世音	1	1
2498		毛官逼民反	1	1
2499		毛官商勾结	1	1
2500		毛管理人员	1	1
2501		毛管理员	1	1
2502		毛光明日报	1	1
2503		毛广电局	1	1
2504		毛龟儿子	1	1
2505		毛龟公	1	1
2506		毛龟孙子	1	1
2507		毛龟头	1	1
2508		毛鬼村	1	1
2509		毛滚	1	1
2510		毛郭伯雄	1	1
2511		毛国安局	1	1
2512		毛国防部	1	1
2513		毛国防科工委	1	1
2514		毛国管局	1	1
2515		毛国际法院	1	1
2516		毛国家民委	1	1
2517		毛国家主席	1	1
2518		毛国家主要部委	1	1
2519		毛国民党	1	1
2520		毛国民党万岁	1	1
2521		毛国土资源部	1	1
2522		毛国务院	1	1
2523		毛国研室	1	1
2524		毛国资委	1	1
2525		毛哈批	1	1
2526		毛海关总署	1	1
2527		毛海洛因	1	1
2528		毛海洋局	1	1
2529		毛何候华	1	1
2530		毛贺国强	1	1
2531		毛贺龙	1	1
2532		毛黑社会	1	1
2533		毛黑手党	1	1
2534		毛红卫兵	1	1
2535		毛洪兴	1	1
2536		毛洪志	1	1
2537		毛后庭	1	1
2538		毛胡XX	1	1
2539		毛胡紧涛	1	1
2540		毛胡紧掏	1	1
2541		毛胡紧套	1	1
2542		毛胡锦涛	1	1
2543		毛胡锦淘	1	1
2544		毛胡乔木	1	1
2545		毛胡耀邦	1	1
2546		毛胡主席	1	1
2547		毛花柳	1	1
2548		毛华国锋	1	1
2549		毛华建敏	1	1
2550		毛欢城	1	1
2551		毛欢城互动	1	1
2552		毛环保总局	1	1
2553		毛换妻	1	1
2554		毛黄　菊	1	1
2555		毛黄菊	1	1
2556		毛黄色电影	1	1
2557		毛黄色小电影	1	1
2558		毛回回	1	1
2559		毛回教	1	1
2560		毛回良玉	1	1
2561		毛回民暴动	1	1
2562		毛回族人吃猪肉	1	1
2563		毛昏药	1	1
2564		毛火棒	1	1
2565		毛机八	1	1
2566		毛机巴	1	1
2567		毛鸡	1	1
2568		毛鸡八	1	1
2569		毛鸡巴	1	1
2570		毛鸡叭	1	1
2571		毛鸡芭	1	1
2572		毛鸡掰	1	1
2573		毛鸡鸡	1	1
2574		毛鸡奸	1	1
2575		毛基地组织	1	1
2576		毛基督	1	1
2577		毛基督教	1	1
2578		毛激情电影	1	1
2579		毛激情小电影	1	1
2580		毛几届中央政治局委员	1	1
2581		毛计牌软件	1	1
2582		毛计生委	1	1
2583		毛妓	1	1
2584		毛妓女	1	1
2585		毛妓院	1	1
2586		毛佳静安定片	1	1
2587		毛贾庆林	1	1
2588		毛奸	1	1
2589		毛奸夫淫妇	1	1
2590		毛奸你	1	1
2591		毛奸淫	1	1
2592		毛监察部	1	1
2593		毛监管局	1	1
2594		毛监听王	1	1
2595		毛检察院	1	1
2596		毛建设部	1	1
2597		毛贱	1	1
2598		毛贱逼	1	1
2599		毛贱货	1	1
2600		毛贱人	1	1
2601		毛江Core	1	1
2602		毛江八	1	1
2603		毛江八点	1	1
2604		毛江独裁	1	1
2605		毛江核心	1	1
2606		毛江青	1	1
2607		毛江戏子	1	1
2608		毛江择民	1	1
2609		毛江泽民	1	1
2610		毛江贼民	1	1
2611		毛江折民	1	1
2612		毛江猪	1	1
2613		毛江猪媳	1	1
2614		毛江主席	1	1
2615		毛僵贼民	1	1
2616		毛疆独	1	1
2617		毛蒋介石	1	1
2618		毛蒋经国	1	1
2619		毛蒋中正	1	1
2620		毛酱猪媳	1	1
2621		毛交通部	1	1
2622		毛姣西	1	1
2623		毛叫床	1	1
2624		毛叫鸡	1	1
2625		毛叫小姐	1	1
2626		毛教育部	1	1
2627		毛届中央政治局委员	1	1
2628		毛金日成	1	1
2629		毛金正日	1	1
2630		毛禁书	1	1
2631		毛经济社会理事会	1	1
2632		毛经社理事会	1	1
2633		毛精液	1	1
2634		毛精子	1	1
2635		毛警匪一家	1	1
2636		毛敬国神社	1	1
2637		毛靖国神社	1	1
2638		毛静坐	1	1
2639		毛纠察员	1	1
2640		毛鸠	1	1
2641		毛鸠屎	1	1
2642		毛军国主义	1	1
2643		毛军妓	1	1
2644		毛军事委员会	1	1
2645		毛军委	1	1
2646		毛军长发威	1	1
2647		毛看牌器	1	1
2648		毛看牌软件	1	1
2649		毛看棋器	1	1
2650		毛看棋软件	1	1
2651		毛抗日	1	1
2652		毛尻	1	1
2653		毛靠	1	1
2654		毛靠你妈	1	1
2655		毛靠腰	1	1
2656		毛可待因	1	1
2657		毛可卡叶	1	1
2658		毛可卡因	1	1
2659		毛克林顿	1	1
2660		毛客服	1	1
2661		毛客户服务人员	1	1
2662		毛恐怖份子	1	1
2663		毛恐怖主义	1	1
2664		毛口交	1	1
2665		毛寇晓伟	1	1
2666		毛狂操	1	1
2667		毛狂操你全家	1	1
2668		毛拉登	1	1
2669		毛拉姆斯菲尔德	1	1
2670		毛懒教	1	1
2671		毛烂B	1	1
2672		毛烂屄	1	1
2673		毛烂逼	1	1
2674		毛烂比	1	1
2675		毛烂屌	1	1
2676		毛烂货	1	1
2677		毛劳+教+所	1	1
2678		毛劳动保障部	1	1
2679		毛老逼	1	1
2680		毛老毛子	1	1
2681		毛老母	1	1
2682		毛黎阳评	1	1
2683		毛李登辉	1	1
2684		毛李弘旨	1	1
2685		毛李红志	1	1
2686		毛李宏旨	1	1
2687		毛李宏志	1	1
2688		毛李洪志	1	1
2689		毛李岚清	1	1
2690		毛李鹏	1	1
2691		毛李鹏*	1	1
2692		毛李瑞环	1	1
2693		毛李山	1	1
2694		毛李铁映	1	1
2695		毛李先念	1	1
2696		毛李长春	1	1
2697		毛连战	1	1
2698		毛联大	1	1
2699		毛联合国	1	1
2700		毛联合国大会	1	1
2701		毛联易	1	1
2702		毛联易互动	1	1
2703		毛粮食局	1	1
2704		毛两腿之间	1	1
2705		毛列宁	1	1
2706		毛林彪	1	1
2707		毛林业局	1	1
2708		毛刘　淇	1	1
2709		毛刘军	1	1
2710		毛刘淇	1	1
2711		毛刘少奇	1	1
2712		毛刘云山	1	1
2713		毛流氓	1	1
2714		毛六.四	1	1
2715		毛六。四	1	1
2716		毛六合彩	1	1
2717		毛六四	1	1
2718		毛六-四	1	1
2719		毛六四事件	1	1
2720		毛六四真相	1	1
2721		毛龙新民	1	1
2722		毛卵	1	1
2723		毛轮功	1	1
2724		毛轮奸	1	1
2725		毛罗　干	1	1
2726		毛罗干	1	1
2727		毛骡干	1	1
2728		毛吕秀莲	1	1
2729		毛旅游局	1	1
2730		毛妈B	1	1
2731		毛妈逼	1	1
2732		毛妈比	1	1
2733		毛妈的	1	1
2734		毛妈卖妈屁	1	1
2735		毛妈批	1	1
2736		毛妈祖	1	1
2737		毛麻醉钢枪	1	1
2738		毛麻醉枪	1	1
2739		毛麻醉药	1	1
2740		毛麻醉乙醚	1	1
2741		毛马克思	1	1
2742		毛马卖马屁	1	1
2743		毛马英九	1	1
2744		毛吗啡	1	1
2745		毛吗啡碱	1	1
2746		毛吗啡片	1	1
2747		毛买财富	1	1
2748		毛买卖枪支	1	1
2749		毛麦角酸	1	1
2750		毛卖.国	1	1
2751		毛卖B	1	1
2752		毛卖ID	1	1
2753		毛卖QQ	1	1
2754		毛卖逼	1	1
2755		毛卖比	1	1
2756		毛卖财富	1	1
2757		毛卖党求荣	1	1
2758		毛卖国	1	1
2759		毛卖国求荣	1	1
2760		毛卖号	1	1
2761		毛卖卡	1	1
2762		毛卖软件	1	1
2763		毛卖淫	1	1
2764		毛毛XX	1	1
2765		毛毛厕洞	1	1
2766		毛毛一鲜	1	1
2767		毛毛泽东	1	1
2768		毛毛贼东	1	1
2769		毛毛主席	1	1
2770		毛梅花网	1	1
2771		毛美国	1	1
2772		毛美国佬	1	1
2773		毛美国之音	1	1
2774		毛美利坚	1	1
2775		毛蒙尘药	1	1
2776		毛蒙独	1	1
2777		毛蒙古达子	1	1
2778		毛蒙古独立	1	1
2779		毛迷魂药	1	1
2780		毛迷奸药	1	1
2781		毛迷歼药	1	1
2782		毛迷药	1	1
2783		毛密洞	1	1
2784		毛密宗	1	1
2785		毛民航局	1	1
2786		毛民进党	1	1
2787		毛民运	1	1
2788		毛民政部	1	1
2789		毛明慧网	1	1
2790		毛摩门教	1	1
2791		毛莫索里尼	1	1
2792		毛穆罕默德	1	1
2793		毛穆斯林	1	1
2794		毛奶子	1	1
2795		毛南联盟	1	1
2796		毛南蛮子	1	1
2797		毛嫩B	1	1
2798		毛伱妈	1	1
2799		毛你爸	1	1
2800		毛你大爷	1	1
2801		毛你二大爷	1	1
2802		毛你老母	1	1
2803		毛你老味	1	1
2804		毛你姥	1	1
2805		毛你姥姥的	1	1
2806		毛你妈	1	1
2807		毛你妈逼	1	1
2808		毛你妈的	1	1
2809		毛你娘	1	1
2810		毛你爷爷的	1	1
2811		毛妳老母的	1	1
2812		毛妳妈的	1	1
2813		毛妳马的	1	1
2814		毛妳娘的	1	1
2815		毛鸟GM	1	1
2816		毛鸟你	1	1
2817		毛牛逼	1	1
2818		毛牛比	1	1
2819		毛农业部	1	1
2820		毛虐待	1	1
2821		毛拍肩神药	1	1
2822		毛喷你	1	1
2823		毛彭真	1	1
2824		毛皮条	1	1
2825		毛屁眼	1	1
2826		毛嫖客	1	1
2827		毛苹果日报	1	1
2828		毛破坏	1	1
2829		毛破鞋	1	1
2830		毛仆街	1	1
2831		毛普京	1	1
2832		毛气象局	1	1
2833		毛钱其琛	1	1
2834		毛枪决女犯	1	1
2835		毛枪决现场	1	1
2836		毛枪支弹药	1	1
2837		毛强奸	1	1
2838		毛强奸犯	1	1
2839		毛强卫	1	1
2840		毛强效失意药	1	1
2841		毛强硬发言	1	1
2842		毛抢劫	1	1
2843		毛乔石	1	1
2844		毛侨办	1	1
2845		毛切七	1	1
2846		毛窃听器	1	1
2847		毛窃听器材	1	1
2848		毛亲民党	1	1
2849		毛青天白日	1	1
2850		毛情色	1	1
2851		毛去你妈的	1	1
2852		毛去死	1	1
2853		毛全国人大	1	1
2854		毛瘸腿帮	1	1
2855		毛人大	1	1
2856		毛人大代表	1	1
2857		毛人代会	1	1
2858		毛人弹	1	1
2859		毛人民	1	1
2860		毛人民大会堂	1	1
2861		毛人民广场	1	1
2862		毛人民日报	1	1
2863		毛人民银行	1	1
2864		毛人体炸弹	1	1
2865		毛日GM	1	1
2866		毛日X妈	1	1
2867		毛日本RING	1	1
2868		毛日本鬼子	1	1
2869		毛日你	1	1
2870		毛日你妈	1	1
2871		毛日你娘	1	1
2872		毛日他娘	1	1
2873		毛肉棒	1	1
2874		毛肉壁	1	1
2875		毛肉洞	1	1
2876		毛肉缝	1	1
2877		毛肉棍	1	1
2878		毛肉棍子	1	1
2879		毛肉穴	1	1
2880		毛乳	1	1
2881		毛乳波臀浪	1	1
2882		毛乳房	1	1
2883		毛乳交	1	1
2884		毛乳头	1	1
2885		毛撒尿	1	1
2886		毛萨达姆	1	1
2887		毛塞白	1	1
2888		毛塞你爸	1	1
2889		毛塞你公	1	1
2890		毛塞你老母	1	1
2891		毛塞你老师	1	1
2892		毛塞你母	1	1
2893		毛塞你娘	1	1
2894		毛三个呆婊	1	1
2895		毛三个代婊	1	1
2896		毛三级片	1	1
2897		毛三民主义	1	1
2898		毛三陪	1	1
2899		毛三陪女	1	1
2900		毛三去车仑	1	1
2901		毛三唑仑	1	1
2902		毛氵去	1	1
2903		毛骚	1	1
2904		毛骚B	1	1
2905		毛骚逼	1	1
2906		毛骚货	1	1
2907		毛色情	1	1
2908		毛色情电影	1	1
2909		毛色情服务	1	1
2910		毛色情小电影	1	1
2911		毛杀人犯	1	1
2912		毛傻B	1	1
2913		毛傻屄	1	1
2914		毛傻逼	1	1
2915		毛傻比	1	1
2916		毛傻吊	1	1
2917		毛傻卵	1	1
2918		毛傻子	1	1
2919		毛煞逼	1	1
2920		毛商务部	1	1
2921		毛上你	1	1
2922		毛上妳	1	1
2923		毛社.会.正.义.力.量	1	1
2924		毛社保基金会	1	1
2925		毛社会主义	1	1
2926		毛社科院	1	1
2927		毛射精	1	1
2928		毛身份生成器	1	1
2929		毛神经病	1	1
2930		毛神通加持法	1	1
2931		毛审计署	1	1
2932		毛升达毕业证	1	1
2933		毛生春袋	1	1
2934		毛生孩子没屁眼	1	1
2935		毛生鸦片	1	1
2936		毛圣女峰	1	1
2937		毛湿透的内裤	1	1
2938		毛十八摸	1	1
2939		毛十年动乱	1	1
2940		毛十五周年	1	1
2941		毛石进	1	1
2942		毛食捻屎	1	1
2943		毛食屎	1	1
2944		毛驶你爸	1	1
2945		毛驶你公	1	1
2946		毛驶你老母	1	1
2947		毛驶你老师	1	1
2948		毛驶你母	1	1
2949		毛驶你娘	1	1
2950		毛世界日报	1	1
2951		毛是鸡	1	1
2952		毛手机复制	1	1
2953		毛手淫	1	1
2954		毛受虐狂	1	1
2955		毛售ID	1	1
2956		毛售号	1	1
2957		毛售软件	1	1
2958		毛双峰微颤	1	1
2959		毛水利部	1	1
2960		毛水去车仑	1	1
2961		毛税务总局	1	1
2962		毛司法部	1	1
2963		毛私/服	1	1
2964		毛私\\服	1	1
2965		毛私服	1	1
2966		毛私-服	1	1
2967		毛私—服	1	1
2968		毛斯大林	1	1
2969		毛死gd	1	1
2970		毛死gm	1	1
2971		毛死全家	1	1
2972		毛四川独立	1	1
2973		毛四人帮	1	1
2974		毛宋楚瑜	1	1
2975		毛宋祖英	1	1
2976		毛孙文	1	1
2977		毛孙逸仙	1	1
2978		毛孙中山	1	1
2979		毛他爹	1	1
2980		毛他妈	1	1
2981		毛他妈的	1	1
2982		毛他马的	1	1
2983		毛他母亲	1	1
2984		毛他祖宗	1	1
2985		毛她妈的	1	1
2986		毛台办	1	1
2987		毛台独	1	1
2988		毛台联	1	1
2989		毛台湾党	1	1
2990		毛台湾帝国	1	1
2991		毛台湾独立	1	1
2992		毛台湾共产党	1	1
2993		毛台湾共和国	1	1
2994		毛台湾狗	1	1
2995		毛台湾国	1	1
2996		毛台湾民国	1	1
2997		毛太监	1	1
2998		毛太子党	1	1
2999		毛唐家璇	1	1
3000		毛特别公告	1	1
3001		毛特码	1	1
3002		毛体育总局	1	1
3003		毛天安门	1	1
3004		毛天安门档案	1	1
3005		毛天安门录像带	1	1
3006		毛天安门事件	1	1
3007		毛天安门屠杀	1	1
3008		毛天安门一代	1	1
3009		毛天鹅之旅	1	1
3010		毛天皇	1	1
3011		毛天皇陛下	1	1
3012		毛田纪云	1	1
3013		毛舔西	1	1
3014		毛铁道部	1	1
3015		毛统计局	1	1
3016		毛投毒杀人	1	1
3017		毛透视软件	1	1
3018		毛透视眼镜	1	1
3019		毛推油	1	1
3020		毛退党	1	1
3021		毛托管理事会	1	1
3022		毛外　挂	1	1
3023		毛外/挂	1	1
3024		毛外\\挂	1	1
3025		毛外_挂	1	1
3026		毛外挂	1	1
3027		毛外-挂	1	1
3028		毛外—挂	1	1
3029		毛外汇局	1	1
3030		毛外交部	1	1
3031		毛外专局	1	1
3032		毛晚年周恩来	1	1
3033		毛万税	1	1
3034		毛王八蛋	1	1
3035		毛王宝森	1	1
3036		毛王刚	1	1
3037		毛王昊	1	1
3038		毛王乐泉	1	1
3039		毛王岐山	1	1
3040		毛王太华	1	1
3041		毛王兆国	1	1
3042		毛王震	1	1
3043		毛网管	1	1
3044		毛威而钢	1	1
3045		毛威而柔	1	1
3046		毛卫生部	1	1
3047		毛尉健行	1	1
3048		毛温加宝	1	1
3049		毛温家宝	1	1
3050		毛温家保	1	1
3051		毛温馨	1	1
3052		毛温总理	1	1
3053		毛文化部	1	1
3054		毛文物局	1	1
3055		毛倭国	1	1
3056		毛倭寇	1	1
3057		毛我操	1	1
3058		毛我操你	1	1
3059		毛我干	1	1
3060		毛我妳老爸	1	1
3061		毛我日	1	1
3062		毛我日你	1	1
3063		毛无界浏览器	1	1
3064		毛吴　仪	1	1
3065		毛吴邦国	1	1
3066		毛吴官正	1	1
3067		毛吴仪	1	1
3068		毛五星红旗	1	1
3069		毛西藏独立	1	1
3070		毛西藏天葬	1	1
3071		毛希拉克	1	1
3072		毛希特勒	1	1
3073		毛希望之声	1	1
3074		毛洗脑班	1	1
3075		毛系统	1	1
3076		毛系统公告	1	1
3077		毛系统讯息	1	1
3078		毛鲜族	1	1
3079		毛乡巴佬	1	1
3080		毛想上你	1	1
3081		毛小鸡鸡	1	1
3082		毛小泉	1	1
3083		毛小泉纯一郎	1	1
3084		毛小日本	1	1
3085		毛小肉粒	1	1
3086		毛小乳头	1	1
3087		毛小穴	1	1
3088		毛邪教	1	1
3089		毛新党	1	1
3090		毛新光明	1	1
3091		毛新华内情	1	1
3092		毛新华社	1	1
3093		毛新疆独立	1	1
3094		毛新生网	1	1
3095		毛新手指导员	1	1
3096		毛新唐人	1	1
3097		毛新闻办	1	1
3098		毛新闻出版	1	1
3099		毛新闻出版署	1	1
3100		毛新闻出版总署	1	1
3101		毛新闻管制	1	1
3102		毛新义安	1	1
3103		毛信访局	1	1
3104		毛信息产业部	1	1
3105		毛兴奋剂	1	1
3106		毛性爱	1	1
3107		毛性交	1	1
3108		毛性虐待	1	1
3109		毛性无能	1	1
3110		毛性欲	1	1
3111		毛徐光春	1	1
3112		毛学潮	1	1
3113		毛血逼	1	1
3114		毛血腥图片	1	1
3115		毛巡查员	1	1
3116		毛丫的	1	1
3117		毛丫头养的	1	1
3118		毛鸦片	1	1
3119		毛鸦片液	1	1
3120		毛鸦片渣	1	1
3121		毛烟草局	1	1
3122		毛严方军	1	1
3123		毛燕玲论坛	1	1
3124		毛阳精	1	1
3125		毛阳具	1	1
3126		毛摇头丸	1	1
3127		毛摇头玩	1	1
3128		毛耶和华	1	1
3129		毛耶苏	1	1
3130		毛耶稣	1	1
3131		毛叶剑英	1	1
3132		毛夜情	1	1
3133		毛一党专制	1	1
3134		毛一贯道	1	1
3135		毛一国两制	1	1
3136		毛一鲜	1	1
3137		毛一夜情	1	1
3138		毛一中一台	1	1
3139		毛伊拉克	1	1
3140		毛伊朗	1	1
3141		毛伊斯兰	1	1
3142		毛以茎至洞	1	1
3143		毛抑制剂	1	1
3144		毛阴部	1	1
3145		毛阴唇	1	1
3146		毛阴道	1	1
3147		毛阴蒂	1	1
3148		毛阴核	1	1
3149		毛阴户	1	1
3150		毛阴茎	1	1
3151		毛阴毛	1	1
3152		毛阴水	1	1
3153		毛阴小撕大	1	1
3154		毛淫	1	1
3155		毛淫荡	1	1
3156		毛淫秽	1	1
3157		毛淫货	1	1
3158		毛淫贱	1	1
3159		毛淫叫	1	1
3160		毛淫毛	1	1
3161		毛淫靡	1	1
3162		毛淫水	1	1
3163		毛淫娃	1	1
3164		毛淫语连连	1	1
3165		毛淫欲	1	1
3166		毛英雄纪念碑	1	1
3167		毛硬挺	1	1
3168		毛邮政局	1	1
3169		毛游行	1	1
3170		毛游戏发奖员	1	1
3171		毛游戏宫理员	1	1
3172		毛游戏管理员	1	1
3173		毛俞正声	1	1
3174		毛舆论钳制	1	1
3175		毛玉杵	1	1
3176		毛欲火焚身	1	1
3177		毛原子能机构	1	1
3178		毛泽东	1	1
3179		毛泽东靠	1	1
3180		毛贼东	1	1
3181		毛賊	1	1
3182		毛賊東	1	1
3183		毛主席	1	1
3184		毛阝月	1	1
3185		梅毒	1	1
3186		梅花网	1	1
3187		美国	1	1
3188		美国参考	1	1
3189		美国佬	1	1
3190		美国之音	1	1
3191		美國參考	1	1
3192		美國佬	1	1
3193		美國之音	1	1
3194		美利坚	1	1
3195		蒙尘药	1	1
3196		蒙独	1	1
3197		蒙獨	1	1
3198		蒙古达子	1	1
3199		蒙古達子	1	1
3200		蒙古鞑子	1	1
3201		蒙古独	1	1
3202		蒙古独立	1	1
3203		蒙古獨	1	1
3204		蒙古獨立	1	1
3205		蒙面	1	1
3206		蒙自	1	1
3207		蒙族	1	1
3208		梦遗	1	1
3209		迷幻药	1	1
3210		迷魂药	1	1
3211		迷奸药	1	1
3212		迷歼药	1	1
3213		迷药	1	1
3214		禰	1	1
3215		羋	1	1
3216		密洞	1	1
3217		密集人群	1	1
3218		密宗	1	1
3219		綿恒	1	1
3220		面包车	1	1
3221		灭	1	1
3222		民國	1	1
3223		民航局	1	1
3224		民进党	1	1
3225		民進黨	1	1
3226		民聯	1	1
3227		民意論壇	1	1
3228		民运	1	1
3229		民阵	1	1
3230		民陣	1	1
3231		民政部	1	1
3232		民猪	1	1
3233		民主潮	1	1
3234		民主党	1	1
3235		民主墻	1	1
3236		民族	1	1
3237		緡	1	1
3238		湣	1	1
3239		黽	1	1
3240		鰵	1	1
3241		明慧网	1	1
3242		摸咪咪	1	1
3243		摸你鶏巴	1	1
3244		摩门教	1	1
3245		茉莉花革命	1	1
3246		莫索里尼	1	1
3247		莫偉强	1	1
3248		谋杀	1	1
3249		嘸	1	1
3250		木子论坛	1	1
3251		木子論壇	1	1
3252		穆罕默德	1	1
3253		穆斯林	1	1
3254		那嗎B	1	1
3255		那嗎逼	1	1
3256		那嗎錯比	1	1
3257		那嗎老比	1	1
3258		那嗎瘟比	1	1
3259		那吗B	1	1
3260		那吗逼	1	1
3261		那吗错比	1	1
3262		那吗老比	1	1
3263		那吗瘟比	1	1
3264		那娘错比	1	1
3265		那娘錯比	1	1
3266		纳粹	1	1
3267		納粹	1	1
3268		奶娘	1	1
3269		奶头	1	1
3270		奶頭	1	1
3271		奶子	1	1
3272		南大自由论坛	1	1
3273		南大自由論壇	1	1
3274		南华早报	1	1
3275		南联盟	1	1
3276		南蛮	1	1
3277		南蛮子	1	1
3278		南蠻子	1	1
3279		南蠻子）	1	1
3280		鬧事	1	1
3281		內褲	1	1
3282		內衣	1	1
3283		嫩b	1	1
3284		能樣	1	1
3285		尼奧夫	1	1
3286		倪育賢	1	1
3287		鯢	1	1
3288		伱妈	1	1
3289		你爸	1	1
3290		你大爷	1	1
3291		你二大爷	1	1
3292		你老母	1	1
3293		你老味	1	1
3294		你姥	1	1
3295		你姥姥的	1	1
3296		你妈	1	1
3297		你妈逼	1	1
3298		你妈比	1	1
3299		你妈的	1	1
3300		你妈靠	1	1
3301		你妈了妹	1	1
3302		你媽	1	1
3303		你媽逼	1	1
3304		你媽比	1	1
3305		你媽的	1	1
3306		你媽了妹	1	1
3307		你娘	1	1
3308		你说我说论坛	1	1
3309		你說我說論壇	1	1
3310		你爷爷的	1	1
3311		你爺	1	1
3312		妳老母的	1	1
3313		妳妈的	1	1
3314		妳马的	1	1
3315		妳娘的	1	1
3316		娘饿比	1	1
3317		娘餓比	1	1
3318		鸟GM	1	1
3319		鸟你	1	1
3320		尿	1	1
3321		捏你鶏巴	1	1
3322		聂荣臻	1	1
3323		宁夏爆乱	1	1
3324		牛B	1	1
3325		牛B，牛比	1	1
3326		牛B靠	1	1
3327		牛逼	1	1
3328		牛逼靠	1	1
3329		牛比	1	1
3330		牛比靠	1	1
3331		农业部	1	1
3332		侬着冈峦	1	1
3333		侬着卵抛	1	1
3334		儂著岡巒	1	1
3335		儂著卵拋	1	1
3336		虐待	1	1
3337		儺	1	1
3338		諾姆	1	1
3339		女干	1	1
3340		女幹	1	1
3341		帕萨特	1	1
3342		拍肩神药	1	1
3343		潘國平	1	1
3344		蹣	1	1
3345		龐建國	1	1
3346		泡沫經濟	1	1
3347		轡	1	1
3348		喷你	1	1
3349		噴你	1	1
3350		朋友们注意	1	1
3351		皮条	1	1
3352		皮条客	1	1
3353		皮條客	1	1
3354		羆	1	1
3355		屁眼	1	1
3356		諞	1	1
3357		嫖娼	1	1
3358		嫖客	1	1
3359		苹果日报	1	1
3360		潑婦	1	1
3361		潑婦	1	1
3362		破坏	1	1
3363		破鞋	1	1
3364		歧视和压制	1	1
3365		骑她	1	1
3366		齊墨	1	1
3367		齊諾	1	1
3368		騎你	1	1
3369		起义	1	1
3370		气象局	1	1
3371		磧	1	1
3372		僉	1	1
3373		钱其琛	1	1
3374		鈐	1	1
3375		潜入	1	1
3376		錢達	1	1
3377		錢國梁	1	1
3378		錢其琛	1	1
3379		欠干	1	1
3380		欠骑	1	1
3381		欠人骑	1	1
3382		槧	1	1
3383		枪毙	1	1
3384		枪击	1	1
3385		枪击事件	1	1
3386		枪决女犯	1	1
3387		枪决现场	1	1
3388		枪支弹药	1	1
3389		錆	1	1
3390		强奸	1	1
3391		强奸犯	1	1
3392		强卫	1	1
3393		强效失意药	1	1
3394		强硬发言	1	1
3395		抢劫	1	1
3396		乔石	1	1
3397		侨办	1	1
3398		桥梁	1	1
3399		喬石	1	1
3400		嶠	1	1
3401		譙	1	1
3402		鞽	1	1
3403		切七	1	1
3404		窃听器	1	1
3405		窃听器材	1	1
3406		篋	1	1
3407		亲美	1	1
3408		亲民党	1	1
3409		亲日	1	1
3410		禽獸	1	1
3411		唚	1	1
3412		青天白日	1	1
3413		轻舟快讯	1	1
3414		輕舟快訊	1	1
3415		情妇	1	1
3416		情婦	1	1
3417		情色	1	1
3418		情兽	1	1
3419		情獸	1	1
3420		檾	1	1
3421		慶紅	1	1
3422		親美	1	1
3423		親民黨	1	1
3424		親日	1	1
3425		丘垂貞	1	1
3426		詘	1	1
3427		瞿溪	1	1
3428		曲靖	1	1
3429		曲靖黑帮	1	1
3430		曲利平	1	1
3431		去你的	1	1
3432		去你妈	1	1
3433		去你妈的	1	1
3434		去你媽的	1	1
3435		去妳的	1	1
3436		去妳妈	1	1
3437		去死	1	1
3438		去他妈	1	1
3439		去她妈	1	1
3440		闃	1	1
3441		棬	1	1
3442		全国两会	1	1
3443		全国人大	1	1
3444		全國兩會	1	1
3445		全國人大	1	1
3446		犬	1	1
3447		綣	1	1
3448		瘸腿帮	1	1
3449		瘸腿幫	1	1
3450		愨	1	1
3451		群P	1	1
3452		燃烧的西藏	1	1
3453		让你操	1	1
3454		讓你操	1	1
3455		热比娅	1	1
3456		热站政论网	1	1
3457		熱比婭	1	1
3458		熱站政論網	1	1
3459		人大代表	1	1
3460		人代会	1	1
3461		人弹	1	1
3462		人民报	1	1
3463		人民报讯	1	1
3464		人民報	1	1
3465		人民大会堂	1	1
3466		人民大會堂	1	1
3467		人民大众时事参考	1	1
3468		人民广场	1	1
3469		人民內情真相	1	1
3470		人民内情真相	1	1
3471		人民日报	1	1
3472		人民银行	1	1
3473		人民真实	1	1
3474		人民真实报道	1	1
3475		人民真實	1	1
3476		人民之声论坛	1	1
3477		人民之聲論壇	1	1
3478		人权	1	1
3479		人權	1	1
3480		人体炸弹	1	1
3481		人员密集	1	1
3482		日GM	1	1
3483		日X妈	1	1
3484		日本	1	1
3485		日本RING	1	1
3486		日本帝国	1	1
3487		日本帝國	1	1
3488		日本鬼子	1	1
3489		日本人	1	1
3490		日军	1	1
3491		日軍	1	1
3492		日妈的	1	1
3493		日內瓦金融	1	1
3494		日你	1	1
3495		日你姐	1	1
3496		日你老母	1	1
3497		日你妈	1	1
3498		日你妈靠	1	1
3499		日你媽	1	1
3500		日你妹	1	1
3501		日你奶	1	1
3502		日你娘	1	1
3503		日你全家	1	1
3504		日你爷爷	1	1
3505		日你爺爺	1	1
3506		日死	1	1
3507		日他娘	1	1
3508		肉棒	1	1
3509		肉壁	1	1
3510		肉洞	1	1
3511		肉缝	1	1
3512		肉棍	1	1
3513		肉棍子	1	1
3514		肉壶	1	1
3515		肉穴	1	1
3516		乳波臀浪	1	1
3517		乳房	1	1
3518		乳峰	1	1
3519		乳交	1	1
3520		乳头	1	1
3521		乳頭	1	1
3522		乳晕	1	1
3523		乳暈	1	1
3524		瑞士金融大學	1	1
3525		撒尿	1	1
3526		萨达姆	1	1
3527		薩達姆	1	1
3528		塞你爸	1	1
3529		塞你公	1	1
3530		塞你老母	1	1
3531		塞你老师	1	1
3532		塞你母	1	1
3533		塞你娘	1	1
3534		赛你娘	1	1
3535		赛妳娘	1	1
3536		赛他娘	1	1
3537		赛她娘	1	1
3538		三K党	1	1
3539		三K黨	1	1
3540		三个呆婊	1	1
3541		三个代表	1	1
3542		三个代婊	1	1
3543		三個代表	1	1
3544		三级片	1	1
3545		三級片	1	1
3546		三民主义	1	1
3547		三陪	1	1
3548		三陪女	1	1
3549		三去车仑	1	1
3550		三去车仑工力	1	1
3551		三去車侖工力	1	1
3552		三唑仑	1	1
3553		氵去	1	1
3554		氵去车仑工力	1	1
3555		氵去車侖工力	1	1
3556		毿	1	1
3557		糝	1	1
3558		骚	1	1
3559		骚B	1	1
3560		骚棒	1	1
3561		骚包	1	1
3562		骚逼	1	1
3563		骚棍	1	1
3564		骚货	1	1
3565		骚鶏	1	1
3566		骚卵	1	1
3567		騷B	1	1
3568		騷棒	1	1
3569		騷包	1	1
3570		騷逼	1	1
3571		騷棍	1	1
3572		騷貨	1	1
3573		騷鶏	1	1
3574		騷卵	1	1
3575		色情	1	1
3576		色情电影	1	1
3577		色情服务	1	1
3578		色情靠	1	1
3579		色情小电影	1	1
3580		杀佛	1	1
3581		杀光	1	1
3582		杀劫	1	1
3583		杀恐怖分子	1	1
3584		杀你全家	1	1
3585		杀你一家	1	1
3586		杀人	1	1
3587		杀人犯	1	1
3588		杀人魔	1	1
3589		沙甸	1	1
3590		殺你全家	1	1
3591		殺你一家	1	1
3592		殺人）	1	1
3593		殺人犯	1	1
3594		傻B	1	1
3595		傻B靠	1	1
3596		傻屄	1	1
3597		傻逼	1	1
3598		傻逼靠	1	1
3599		傻比	1	1
3600		傻吊	1	1
3601		傻卵	1	1
3602		傻鳥	1	1
3603		傻子	1	1
3604		煞逼	1	1
3605		煞笔	1	1
3606		煞笔靠	1	1
3607		煞筆	1	1
3608		釃	1	1
3609		山口组	1	1
3610		山口組	1	1
3611		删 号	1	1
3612		删 号靠	1	1
3613		删号	1	1
3614		删号靠	1	1
3615		商务部	1	1
3616		上訪	1	1
3617		上海帮	1	1
3618		上海幫	1	1
3619		上海孤兒院	1	1
3620		上你	1	1
3621		上妳	1	1
3622		上塘路	1	1
3623		尚义街	1	1
3624		少数民族	1	1
3625		社.会.正.义.力.量	1	1
3626		社保基金会	1	1
3627		社会主义	1	1
3628		社會主義	1	1
3629		社科院	1	1
3630		厙	1	1
3631		射精	1	1
3632		射了还说要	1	1
3633		射了還說要	1	1
3634		身份生成器	1	1
3635		身份证	1	1
3636		深度透视藏人自焚	1	1
3637		神经病	1	1
3638		神經病	1	1
3639		神通加持法	1	1
3640		审计署	1	1
3641		升达毕业证	1	1
3642		升天	1	1
3643		生春袋	1	1
3644		生孩子沒屁眼	1	1
3645		生孩子没屁眼	1	1
3646		生鸦片	1	1
3647		圣城拉萨的哭泣	1	1
3648		圣母	1	1
3649		圣女峰	1	1
3650		圣战	1	1
3651		圣战组织	1	1
3652		盛華仁	1	1
3653		聖戰	1	1
3654		湿了	1	1
3655		湿了还说不要	1	1
3656		湿了还说要	1	1
3657		湿透的内裤	1	1
3658		濕了還說不要	1	1
3659		濕了還說要	1	1
3660		十八摸	1	1
3661		十六大	1	1
3662		十年动乱	1	1
3663		十五周年	1	1
3664		时代论坛	1	1
3665		时事论坛	1	1
3666		食捻屎	1	1
3667		食屎	1	1
3668		時代論壇	1	1
3669		時事論壇	1	1
3670		驶你爸	1	1
3671		驶你公	1	1
3672		驶你老母	1	1
3673		驶你老师	1	1
3674		驶你母	1	1
3675		驶你娘	1	1
3676		屎	1	1
3677		屎你娘	1	1
3678		屎妳娘	1	1
3679		示威	1	1
3680		世界经济导报	1	1
3681		世界經濟導報	1	1
3682		世界日报	1	1
3683		市民	1	1
3684		市中心	1	1
3685		事實獨立	1	1
3686		是鸡	1	1
3687		貰	1	1
3688		释迦牟尼	1	1
3689		收费站	1	1
3690		手机复制	1	1
3691		手淫	1	1
3692		受虐狂	1	1
3693		售ID	1	1
3694		售号	1	1
3695		售软件	1	1
3696		攄	1	1
3697		数据中国	1	1
3698		數據中國	1	1
3699		双峰微颤	1	1
3700		双十节	1	1
3701		雙十節	1	1
3702		爽你	1	1
3703		水滸	1	1
3704		水利部	1	1
3705		水利局	1	1
3706		水去车仑	1	1
3707		稅力	1	1
3708		税务总局	1	1
3709		说藏语	1	1
3710		司法部	1	1
3711		司馬晋	1	1
3712		司馬璐	1	1
3713		司徒華	1	1
3714		私/服	1	1
3715		私\\服	1	1
3716		私处	1	1
3717		私處	1	1
3718		私服	1	1
3719		私-服	1	1
3720		私—服	1	1
3721		思科羅	1	1
3722		斯大林	1	1
3723		斯諾	1	1
3724		斯皮爾德	1	1
3725		死gd	1	1
3726		死gm	1	1
3727		死全家	1	1
3728		死亡	1	1
3729		四川独	1	1
3730		四川独立	1	1
3731		四川獨	1	1
3732		四川獨立	1	1
3733		四人帮	1	1
3734		四人幫	1	1
3735		四水六岗	1	1
3736		宋書元	1	1
3737		藪	1	1
3738		蘇南成	1	1
3739		蘇紹智	1	1
3740		蘇曉康	1	1
3741		蘇盈貴	1	1
3742		蘇貞昌	1	1
3743		誶	1	1
3744		孫大千	1	1
3745		孫中山	1	1
3746		他爹	1	1
3747		他干	1	1
3748		他妈	1	1
3749		他妈的	1	1
3750		他妈的靠	1	1
3751		他妈靠	1	1
3752		他媽	1	1
3753		他媽的	1	1
3754		他嗎的	1	1
3755		他马的	1	1
3756		他吗的	1	1
3757		他母亲	1	1
3758		他母親	1	1
3759		他娘	1	1
3760		他祖宗	1	1
3761		她妈	1	1
3762		她妈的	1	1
3763		她妈靠	1	1
3764		她媽	1	1
3765		她娘	1	1
3766		塔利班	1	1
3767		塔內	1	1
3768		塔烏	1	1
3769		鰨	1	1
3770		闥	1	1
3771		台办	1	1
3772		台独	1	1
3773		台独靠	1	1
3774		台联	1	1
3775		台盟	1	1
3776		台湾党	1	1
3777		台湾帝国	1	1
3778		台湾独	1	1
3779		台湾独立	1	1
3780		台湾共产党	1	1
3781		台湾共和国	1	1
3782		台湾狗	1	1
3783		台湾国	1	1
3784		台湾建国运动组织	1	1
3785		台湾民国	1	1
3786		台湾青年独立联盟	1	1
3787		台湾政论区	1	1
3788		台湾自由联盟	1	1
3789		臺盟	1	1
3790		臺灣帝國	1	1
3791		臺灣獨	1	1
3792		臺灣獨立	1	1
3793		臺灣共産黨	1	1
3794		臺灣狗	1	1
3795		臺灣建國運動組織	1	1
3796		臺灣民國	1	1
3797		臺灣青年獨立聯盟	1	1
3798		臺灣政論區	1	1
3799		臺灣自由聯盟	1	1
3800		太监	1	1
3801		太監	1	1
3802		太子党	1	1
3803		湯光中	1	1
3804		唐柏橋	1	1
3805		唐家璇	1	1
3806		桃源湖	1	1
3807		淘宝	1	1
3808		淘宝靠	1	1
3809		鞀	1	1
3810		特别公告	1	1
3811		特码	1	1
3812		謄	1	1
3813		体育总局	1	1
3814		天安门	1	1
3815		天安门档案	1	1
3816		天安门录像带	1	1
3817		天安门录影带	1	1
3818		天安门事件	1	1
3819		天安门屠杀	1	1
3820		天安门一代	1	1
3821		天安門	1	1
3822		天安門錄影帶	1	1
3823		天安門事件	1	1
3824		天安門屠殺	1	1
3825		天安門一代	1	1
3826		天鹅之旅	1	1
3827		天皇	1	1
3828		天皇陛下	1	1
3829		天閹	1	1
3830		天主教	1	1
3831		田纪云	1	1
3832		田紀雲	1	1
3833		舔西	1	1
3834		调理劳务系	1	1
3835		跳大神	1	1
3836		铁道部	1	1
3837		同伙	1	1
3838		统独	1	1
3839		统独论坛	1	1
3840		统计局	1	1
3841		统一服装	1	1
3842		统战	1	1
3843		統獨	1	1
3844		統獨論壇	1	1
3845		統戰	1	1
3846		头戴白帽	1	1
3847		投毒杀人	1	1
3848		頭領奧馬	1	1
3849		透视软件	1	1
3850		透视眼镜	1	1
3851		突厥斯坦	1	1
3852		图案衣服	1	1
3853		屠杀	1	1
3854		屠殺	1	1
3855		屠宰藏民	1	1
3856		吐蕃之友会	1	1
3857		摶	1	1
3858		推油	1	1
3859		退党	1	1
3860		托管理事会	1	1
3861		脱逃	1	1
3862		鼉	1	1
3863		籜	1	1
3864		膃	1	1
3865		咼	1	1
3866		外　挂	1	1
3867		外/挂	1	1
3868		外\\挂	1	1
3869		外_挂	1	1
3870		外挂	1	1
3871		外-挂	1	1
3872		外—挂	1	1
3873		外汇局	1	1
3874		外交部	1	1
3875		外交论坛	1	1
3876		外交論壇	1	1
3877		外交与方略	1	1
3878		外交與方略	1	1
3879		外专局	1	1
3880		晚年周恩来	1	1
3881		万税	1	1
3882		万维读者论坛	1	1
3883		萬里	1	1
3884		萬潤南	1	1
3885		萬維讀者論壇	1	1
3886		萬曉東	1	1
3887		王八蛋	1	1
3888		王寶森	1	1
3889		王超華	1	1
3890		王輔臣	1	1
3891		王剛	1	1
3892		王涵萬	1	1
3893		王洪文	1	1
3894		王滬寧	1	1
3895		王軍濤	1	1
3896		王岐山	1	1
3897		王潤生	1	1
3898		王世堅	1	1
3899		王世勛	1	1
3900		王秀麗	1	1
3901		王樂泉	1	1
3902		王兆國	1	1
3903		网管	1	1
3904		網禪	1	1
3905		網特	1	1
3906		威而钢	1	1
3907		威而柔	1	1
3908		维吾尔人	1	1
3909		维吾尔族	1	1
3910		维族灭绝	1	1
3911		维族男子	1	1
3912		伟哥	1	1
3913		猥褻	1	1
3914		卫生部	1	1
3915		尉建军	1	1
3916		尉建軍	1	1
3917		尉健行	1	1
3918		温B	1	1
3919		温逼	1	1
3920		温比	1	1
3921		温加宝	1	1
3922		温家宝	1	1
3923		温家宝靠	1	1
3924		温家保	1	1
3925		温馨	1	1
3926		温州	1	1
3927		温州路口	1	1
3928		温总理	1	1
3929		溫B	1	1
3930		溫逼	1	1
3931		溫比	1	1
3932		溫家寶	1	1
3933		溫元凱	1	1
3934		瘟家宝	1	1
3935		文化部	1	1
3936		文物局	1	1
3937		倭国	1	1
3938		倭寇	1	1
3939		我操	1	1
3940		我操靠	1	1
3941		我操你	1	1
3942		我草	1	1
3943		我干	1	1
3944		我奸	1	1
3945		我靠	1	1
3946		我咧干	1	1
3947		我妳老爸	1	1
3948		我日	1	1
3949		我日靠	1	1
3950		我日你	1	1
3951		沃尔开西	1	1
3952		无邦国	1	1
3953		无帮国	1	1
3954		无帮过	1	1
3955		无辜平民	1	1
3956		无界浏览器	1	1
3957		无限期绝食	1	1
3958		吴邦国	1	1
3959		吴帮国	1	1
3960		吴官正	1	1
3961		吳百益	1	1
3962		吳敦義	1	1
3963		吳方城	1	1
3964		吳弘達	1	1
3965		吳宏達	1	1
3966		吳仁華	1	1
3967		吳淑珍	1	1
3968		吳學璨	1	1
3969		吳學燦	1	1
3970		吳育升	1	1
3971		吳志芳	1	1
3972		無界瀏覽器	1	1
3973		五华区	1	1
3974		五省藏区	1	1
3975		五星红旗	1	1
3976		武警	1	1
3977		武力镇压	1	1
3978		西藏3.14事件	1	1
3979		西藏的命运	1	1
3980		西藏的内部斗争	1	1
3981		西藏的现在—遥远的拉萨	1	1
3982		西藏的自焚：世界的耻辱	1	1
3983		西藏独	1	1
3984		西藏独立	1	1
3985		西藏独立宣言	1	1
3986		西藏獨）	1	1
3987		西藏分裂	1	1
3988		西藏高度自治	1	1
3989		西藏高度自治备忘录	1	1
3990		西藏国	1	1
3991		西藏流亡政府	1	1
3992		西藏名副其实的自治	1	1
3993		西藏人民议会	1	1
3994		西藏人权	1	1
3995		西藏人权与民主促进中心	1	1
3996		西藏天葬	1	1
3997		西藏问题	1	1
3998		西藏问题整理1	1	1
3999		吸毒	1	1
4000		希拉克	1	1
4001		希特勒	1	1
4002		希望之声	1	1
4003		习近平	1	1
4004		习远平	1	1
4005		袭击	1	1
4006		袭近平	1	1
4007		洗脑班	1	1
4008		洗腦	1	1
4009		系统消息	1	1
4010		系统讯息	1	1
4011		系統	1	1
4012		系統公告	1	1
4013		系統消息	1	1
4014		细菌	1	1
4015		郤	1	1
4016		餼	1	1
4017		下毒	1	1
4018		下贱	1	1
4019		下賤	1	1
4020		下体	1	1
4021		下體	1	1
4022		先奸后杀	1	1
4023		薟	1	1
4024		鮮族	1	1
4025		現金交易	1	1
4026		乡巴佬	1	1
4027		想上你	1	1
4028		項懷誠	1	1
4029		項小吉	1	1
4030		小B样	1	1
4031		小B樣	1	1
4032		小比样	1	1
4033		小參考	1	1
4034		小鸡鸡	1	1
4035		小鶏鶏	1	1
4036		小姐兼职	1	1
4037		小泉纯一郎	1	1
4038		小泉純一郎	1	1
4039		小日本	1	1
4040		小肉粒	1	1
4041		小乳头	1	1
4042		小穴	1	1
4043		邪教	1	1
4044		謝長廷	1	1
4045		謝深山	1	1
4046		謝選駿	1	1
4047		謝中之	1	1
4048		辛灝年	1	1
4049		新党	1	1
4050		新观察论坛	1	1
4051		新觀察論壇	1	1
4052		新光明	1	1
4053		新华举报	1	1
4054		新华内情	1	1
4055		新华社	1	1
4056		新华通论坛	1	1
4057		新華舉報	1	1
4058		新華內情	1	1
4059		新華通論壇	1	1
4060		新疆7.5事件	1	1
4061		新疆歹徒	1	1
4062		新疆独	1	1
4063		新疆独立	1	1
4064		新疆獨	1	1
4065		新疆分裂	1	1
4066		新疆国	1	1
4067		新疆恐怖分子	1	1
4068		新疆恐怖人员	1	1
4069		新疆人	1	1
4070		新街邮电口	1	1
4071		新生网	1	1
4072		新生網	1	1
4073		新手指导员	1	1
4074		新唐人	1	1
4075		新闻办	1	1
4076		新闻出版	1	1
4077		新闻出版署	1	1
4078		新闻出版总署	1	1
4079		新闻封锁	1	1
4080		新闻管制	1	1
4081		新聞出版總署	1	1
4082		新聞封鎖	1	1
4083		新义安	1	1
4084		新義安	1	1
4085		新语丝	1	1
4086		新語絲	1	1
4087		新月星星	1	1
4088		信房	1	1
4089		信访局	1	1
4090		信息	1	1
4091		信息产业部	1	1
4092		信仰自由	1	1
4093		信用危機	1	1
4094		星星月亮	1	1
4095		星月服	1	1
4096		邢錚	1	1
4097		兴奋剂	1	1
4098		性爱	1	1
4099		性愛	1	1
4100		性病	1	1
4101		性高潮	1	1
4102		性交	1	1
4103		性交靠	1	1
4104		性虐	1	1
4105		性虐待	1	1
4106		性无能	1	1
4107		性無能	1	1
4108		性欲	1	1
4109		徐國舅	1	1
4110		諼	1	1
4111		薛偉	1	1
4112		穴	1	1
4113		学潮	1	1
4114		学联	1	1
4115		学运	1	1
4116		学自联	1	1
4117		學潮	1	1
4118		學聯	1	1
4119		學運	1	1
4120		學自聯	1	1
4121		澩	1	1
4122		雪域烈焰?藏人自焚	1	1
4123		血逼	1	1
4124		血腥	1	1
4125		血腥图片	1	1
4126		血债血偿	1	1
4127		巡查员	1	1
4128		丫的	1	1
4129		丫头养的	1	1
4130		鸦片	1	1
4131		鸦片液	1	1
4132		鸦片渣	1	1
4133		烟草局	1	1
4134		阉狗	1	1
4135		閹狗	1	1
4136		严方军	1	1
4137		严控	1	1
4138		严重	1	1
4139		颜射	1	1
4140		閻明複	1	1
4141		顔清標	1	1
4142		顔慶章	1	1
4143		顔射	1	1
4144		嚴家其	1	1
4145		嚴家祺	1	1
4146		燕玲论坛	1	1
4147		央视内部晚会	1	1
4148		央視內部晚會	1	1
4149		羊肉串	1	1
4150		阳精	1	1
4151		阳具	1	1
4152		阳痿	1	1
4153		阳物	1	1
4154		陽具	1	1
4155		陽痿	1	1
4156		陽物	1	1
4157		楊懷安	1	1
4158		楊建利	1	1
4159		楊巍	1	1
4160		楊月清	1	1
4161		楊周	1	1
4162		姚羅	1	1
4163		姚文元	1	1
4164		姚月謙	1	1
4165		摇头丸	1	1
4166		摇头玩	1	1
4167		搖頭丸	1	1
4168		耶和华	1	1
4169		耶苏	1	1
4170		耶稣	1	1
4171		耶穌	1	1
4172		野鶏	1	1
4173		叶剑英	1	1
4174		夜話紫禁城	1	1
4175		夜情	1	1
4176		葉菊蘭	1	1
4177		一边一国	1	1
4178		一党专制	1	1
4179		一贯道	1	1
4180		一国两制	1	1
4181		一陀粪	1	1
4182		一陀糞	1	1
4183		一位汉族女孩子致全体藏族同胞的一封信	1	1
4184		一夜情	1	1
4185		一中一台	1	1
4186		伊拉克	1	1
4187		伊朗	1	1
4188		伊力哈木	1	1
4189		伊斯兰	1	1
4190		伊斯兰亚格林尼斯	1	1
4191		伊斯蘭	1	1
4192		伊斯蘭亞格林尼斯	1	1
4193		移民	1	1
4194		遗精	1	1
4195		遺精	1	1
4196		以茎至洞	1	1
4197		异见人士	1	1
4198		异見人士	1	1
4199		异议人士	1	1
4200		异議人士	1	1
4201		抑制剂	1	1
4202		易丹軒	1	1
4203		阴部	1	1
4204		阴唇	1	1
4205		阴道	1	1
4206		阴蒂	1	1
4207		阴核	1	1
4208		阴户	1	1
4209		阴茎	1	1
4210		阴精	1	1
4211		阴毛	1	1
4212		阴门	1	1
4213		阴囊	1	1
4214		阴水	1	1
4215		阴小撕大	1	1
4216		陰部	1	1
4217		陰唇	1	1
4218		陰道	1	1
4219		陰蒂	1	1
4220		陰戶	1	1
4221		陰莖	1	1
4222		陰精	1	1
4223		陰毛	1	1
4224		陰門	1	1
4225		陰囊	1	1
4226		陰水	1	1
4227		银川机场	1	1
4228		淫	1	1
4229		淫荡	1	1
4230		淫蕩	1	1
4231		淫洞	1	1
4232		淫秽	1	1
4233		淫穢	1	1
4234		淫货	1	1
4235		淫貨	1	1
4236		淫贱	1	1
4237		淫賤	1	1
4238		淫叫	1	1
4239		淫乱	1	1
4240		淫毛	1	1
4241		淫靡	1	1
4242		淫湿	1	1
4243		淫水	1	1
4244		淫娃	1	1
4245		淫穴	1	1
4246		淫液	1	1
4247		淫语连连	1	1
4248		淫欲	1	1
4249		淫汁	1	1
4250		欽本立	1	1
4251		尹慶民	1	1
4252		饮水中毒	1	1
4253		印藏联络协会	1	1
4254		印尼伊斯兰祈祷团	1	1
4255		英雄纪念碑	1	1
4256		罂粟	1	1
4257		硬挺	1	1
4258		由喜貴	1	1
4259		邮政局	1	1
4260		游行	1	1
4261		游錫坤	1	1
4262		游戏发奖员	1	1
4263		游戏宫理员	1	1
4264		游戏管理员	1	1
4265		游戲管理員	1	1
4266		幼齿	1	1
4267		幼齒	1	1
4268		幼儿园	1	1
4269		幼龍	1	1
4270		于幼軍	1	1
4271		余党在逃窜	1	1
4272		余英時	1	1
4273		俞正声	1	1
4274		舆论	1	1
4275		舆论反制	1	1
4276		舆论钳制	1	1
4277		輿論	1	1
4278		輿論反制	1	1
4279		宇明网	1	1
4280		宇明網	1	1
4281		玉杵	1	1
4282		玉林	1	1
4283		欲火焚身	1	1
4284		原子能机构	1	1
4285		圆满	1	1
4286		援交	1	1
4287		援交妹	1	1
4288		圓滿	1	1
4289		緣圈圈	1	1
4290		远程偷拍	1	1
4291		远离恐惧	1	1
4292		遠志明	1	1
4293		曰GM	1	1
4294		曰你	1	1
4295		月经	1	1
4296		月经不调	1	1
4297		月經	1	1
4298		云a8366c	1	1
4299		云南暴乱	1	1
4300		云南爆乱	1	1
4301		杂种	1	1
4302		雜種	1	1
4303		再奸	1	1
4304		赞普的勇气	1	1
4305		早泄	1	1
4306		造爱	1	1
4307		造愛	1	1
4308		造惨案	1	1
4309		造反	1	1
4310		泽民	1	1
4311		則民	1	1
4312		擇民	1	1
4313		澤夫	1	1
4314		澤民	1	1
4315		賊民	1	1
4316		扎卡维	1	1
4317		扎卡维是英雄	1	1
4318		扎卡維是英雄	1	1
4319		渣波波	1	1
4320		炸机场	1	1
4321		炸客车	1	1
4322		炸药	1	1
4323		战牌	1	1
4324		战牌靠	1	1
4325		战争行为	1	1
4326		站前路	1	1
4327		章孝嚴	1	1
4328		張伯笠	1	1
4329		張博雅	1	1
4330		張鋼	1	1
4331		張健	1	1
4332		張林	1	1
4333		張清芳	1	1
4334		張偉國	1	1
4335		張溫鷹	1	1
4336		張燕歸	1	1
4337		張昭富	1	1
4338		張志清	1	1
4339		长刀	1	1
4340		长水机场	1	1
4341		帳號	1	1
4342		賬號	1	1
4343		招鶏	1	1
4344		赵紫阳	1	1
4345		趙海青	1	1
4346		趙建銘	1	1
4347		趙南	1	1
4348		趙品潞	1	1
4349		趙曉微	1	1
4350		趙紫陽	1	1
4351		贞操	1	1
4352		侦探设备	1	1
4353		珍珠路口	1	1
4354		貞操	1	1
4355		真理教	1	1
4356		真善忍	1	1
4357		真主安拉	1	1
4358		镇压	1	1
4359		鎮壓	1	1
4360		争鸣论坛	1	1
4361		爭鳴論壇	1	1
4362		正法	1	1
4363		正见网	1	1
4364		正見網	1	1
4365		正清网	1	1
4366		正悟网	1	1
4367		正义党论坛	1	1
4368		正義黨論壇	1	1
4369		证监会	1	1
4370		郑德金	1	1
4371		郑有金	1	1
4372		政变	1	1
4373		政府	1	1
4374		政见	1	1
4375		政权	1	1
4376		政權	1	1
4377		政协	1	1
4378		政治反对派	1	1
4379		政治反對派	1	1
4380		政治犯	1	1
4381		政治风波	1	1
4382		政治阴谋	1	1
4383		政治运动	1	1
4384		鄭寶清	1	1
4385		鄭德金	1	1
4386		鄭麗文	1	1
4387		鄭義	1	1
4388		鄭有金	1	1
4389		鄭餘鎮	1	1
4390		鄭源	1	1
4391		鄭運鵬	1	1
4392		值勤	1	1
4393		值勤账号	1	1
4394		指导员	1	1
4395		指点江山论坛	1	1
4396		指點江山論壇	1	1
4397		制式服装	1	1
4398		质检局	1	1
4399		致幻剂	1	1
4400		中藏和谈	1	1
4401		中俄边界	1	1
4402		中俄边界新约	1	1
4403		中俄邊界	1	1
4404		中共	1	1
4405		中共中央	1	1
4406		中国	1	1
4407		中国的领导人	1	1
4408		中国复兴论坛	1	1
4409		中国共产党	1	1
4410		中国孤儿院	1	1
4411		中国和平	1	1
4412		中国恐怖组织	1	1
4413		中国论坛	1	1
4414		中国社会进步党	1	1
4415		中国社会论坛	1	1
4416		中国威胁论	1	1
4417		中国问题论坛	1	1
4418		中国真实内容	1	1
4419		中国之春	1	1
4420		中国猪	1	1
4421		中國復興論壇	1	1
4422		中國共産黨	1	1
4423		中國孤兒院	1	1
4424		中國和平	1	1
4425		中國論壇	1	1
4426		中國社會進步黨	1	1
4427		中國社會論壇	1	1
4428		中國威脅論	1	1
4429		中國問題論壇	1	1
4430		中國移動通信	1	1
4431		中國真實內容	1	1
4432		中國之春	1	1
4433		中國猪	1	1
4434		中华讲清	1	1
4435		中华民国	1	1
4436		中华人民共和国	1	1
4437		中华人民实话实说	1	1
4438		中华人民正邪	1	1
4439		中华时事	1	1
4440		中华养生益智功	1	1
4441		中华真实报道	1	1
4442		中華大地	1	1
4443		中華大衆	1	1
4444		中華講清	1	1
4445		中華民國	1	1
4446		中華人民實話實說	1	1
4447		中華人民正邪	1	1
4448		中華時事	1	1
4449		中華養生益智功	1	1
4450		中華真實報道	1	1
4451		中间道路	1	1
4452		中间道路协会	1	1
4453		中奖	1	1
4454		中獎	1	1
4455		中科院	1	1
4456		中南海	1	1
4457		中宣部	1	1
4458		中央	1	1
4459		中央电视台	1	1
4460		中央電視臺	1	1
4461		中央政治局	1	1
4462		中央政治局委员	1	1
4463		中医药局	1	1
4464		中医院	1	1
4465		钟山风雨论坛	1	1
4466		鐘山風雨論壇	1	1
4467		种族灭绝	1	1
4468		种族灭绝罪	1	1
4469		周恩來	1	1
4470		周鋒鎖	1	1
4471		周守訓	1	1
4472		粥永康	1	1
4473		轴永康	1	1
4474		碡	1	1
4475		肘永康	1	1
4476		朱鳳芝	1	1
4477		朱立倫	1	1
4478		朱狨基	1	1
4479		朱容鸡	1	1
4480		朱容基	1	1
4481		朱溶剂	1	1
4482		朱溶劑	1	1
4483		朱熔基	1	1
4484		朱镕基	1	1
4485		朱总理	1	1
4486		诛九族	1	1
4487		猪操	1	1
4488		猪聋畸	1	1
4489		猪聾畸	1	1
4490		猪猡	1	1
4491		猪毛	1	1
4492		猪容基	1	1
4493		猪仔巷	1	1
4494		主席	1	1
4495		主義	1	1
4496		抓捕	1	1
4497		专政	1	1
4498		專政	1	1
4499		專制	1	1
4500		转法轮	1	1
4501		装B	1	1
4502		装B靠	1	1
4503		装屄	1	1
4504		装逼	1	1
4505		装逼靠	1	1
4506		追查国际	1	1
4507		卓伯源	1	1
4508		資本主義	1	1
4509		子宫	1	1
4510		子宮	1	1
4511		子女任职名单	1	1
4512		自焚	1	1
4513		自民党	1	1
4514		自民黨	1	1
4515		自杀手册	1	1
4516		自杀指南	1	1
4517		自慰	1	1
4518		自由民主论坛	1	1
4519		自由民主論壇	1	1
4520		自由西藏学生运动	1	1
4521		自由亚洲电台	1	1
4522		自由运动	1	1
4523		自由之门	1	1
4524		自制手枪	1	1
4525		自治机关	1	1
4526		宗教	1	1
4527		总局	1	1
4528		总理	1	1
4529		总书记	1	1
4530		總理	1	1
4531		走私	1	1
4532		组团	1	1
4533		组织	1	1
4534		最新消息	1	1
4535		罪无可赦	1	1
4536		阝月	1	1
4537		作爱	1	1
4538		作愛	1	1
4539		作秀	1	1
4540		坐台的	1	1
4541		坐庄	1	1
4542		做爱	1	1
4543		做愛	1	1
4544		做愛）	1	1
4545		㈧	1	1
4546		㈱	1	1
4547		全能神	1	1
4548		[	0	1
4549		]	0	1
4550		黑市商人	0	1
4551		迎宾	0	1
4552		#	0	1
4553		系统	0	1
4554		消息	0	1
4555		通知	0	1
4556		礼包	0	1
4557		新区	0	1
4558		奖励	0	1
4559		糸统	0	1
4560		系統	0	1
4561		糸統	0	1
4562		禮包	0	1
4563		新區	0	1
4564		獎勵	0	1
