Id	Desc	Name	ScriptId	ConsumeFlag	CoolDownId	UseParamA	UseParamB	UseParamC	UseParamD	UseParamE
INT	STRING	STRING	INT	INT	INT	INT	INT	INT	INT	STRING
#MAX_ID=99999;MAX_RECORD=10240;TableType=Hash;										
#ID	程序不读	物品名称	脚本ID	0：使用不销毁 1：使用后销毁2：使用后调用脚本的消耗函数	冷却Id(CoolDownTime.txt)	附加参数1	附加参数2	附加参数3	附加参数4	附加参数5
1	GM剑	GM剑	11111	1	-1	0	0	-1	0	0
2	血	血	103	1	16	1	1000	-1	0	0
34	双倍丹绑定	玉灵丹	101	1	-1	0	0	-1	0	0
36	血	血	103	1	16	1	1000	-1	0	0
37	蓝	蓝	103	1	17	2	1000	-1	0	0
44	十里断魂烟	十里断魂烟	102	2	-1	0	0	-1	0	0
45	金币	金币礼包	104	1	-1	1	15	-1	0	0
46	【同34】双倍丹绑定	玉灵丹	101	1	-1	0	0	-1	0	0
47	【同34】双倍丹绑定	玉灵丹	101	1	-1	0	0	-1	0	0
49	结婚礼包	结婚礼包	104	1	-1	1	1982	-1	0	0
50	结婚戒指 - 结婚后	鸳鸯戏水	128	0	129	0	0	-1	0	0
52	真气修炼丹	真气丹	103	1	-1	3	1000	-1	0	0
111	1级符文包	1级符文礼包	104	1	-1	1	91	-1	0	0
112	2级符文包	2级符文礼包	104	1	-1	1	92	-1	0	0
113	3级符文包	3级符文礼包	104	1	-1	1	93	-1	0	0
114	4级符文包	4级符文礼包	104	1	-1	1	94	-1	0	0
115	5级符文包	5级符文礼包	104	1	-1	1	95	-1	0	0
116	6级符文包	6级符文礼包	104	1	-1	1	96	-1	0	0
117	7级符文包	7级符文礼包	104	1	-1	1	100	-1	0	0
125	魔灵礼包	魔灵礼包	104	1	-1	1	104	-1	0	0
126	普通魔灵礼包	普通魔灵礼包	104	1	-1	1	106	-1	0	0
127	稀有魔灵礼包	稀有魔灵礼包	104	1	-1	1	107	-1	0	0
128	极品魔灵礼包	极品魔灵礼包	104	1	-1	1	108	-1	0	0
130	宠物技能书(火）	宠物技能书(火）	104	1	-1	1	31	-1	0	0
131	宠物技能书(气）	宠物技能书(气）	104	1	-1	1	32	-1	0	0
132	宠物技能书(水）	宠物技能书(水）	104	1	-1	1	33	-1	0	0
133	宠物技能书(地）	宠物技能书(地）	104	1	-1	1	34	-1	0	0
134	宠物技能书	宠物技能书	104	1	-1	1	35	-1	0	0
135	宠物技能升级书	宠物技能升级书	104	1	-1	1	36	-1	0	0
140	宠物宝宝蛋	宠物宝宝蛋	104	1	-1	1	60	-1	0	0
141	宠物宝宝蛋(火）	宠物宝宝蛋(火）	104	1	-1	1	61	-1	0	0
142	宠物宝宝蛋(气）	宠物宝宝蛋(气）	104	1	-1	1	62	-1	0	0
143	宠物宝宝蛋(水）	宠物宝宝蛋(水）	104	1	-1	1	63	-1	0	0
144	宠物宝宝蛋(地）	宠物宝宝蛋(地）	104	1	-1	1	64	-1	0	0
149	成年宠物蛋	成年宠物蛋	104	1	-1	1	69	-1	0	0
181	狂战变身技能书3	狂战变身技能书3	104	1	-1	1	81	-1	0	0
182	双剑变身技能书3	双剑变身技能书3	104	1	-1	1	82	-1	0	0
183	魔导变身技能书3	魔导变身技能书3	104	1	-1	1	83	-1	0	0
184	弓箭变身技能书3	弓箭变身技能书3	104	1	-1	1	84	-1	0	0
203	狂战职业橙色装备（60）	狂战60级职业橙色装备	104	1	-1	1	111	-1	0	0
204	双剑职业橙色装备（60）	双剑60级职业橙色装备	104	1	-1	1	112	-1	0	0
205	魔导职业橙色装备（60）	魔导60级职业橙色装备	104	1	-1	1	113	-1	0	0
206	弓箭职业橙色装备（60）	弓箭60级职业橙色装备	104	1	-1	1	114	-1	0	0
4001	60级红缸	朱红灵珠	127	2	16	1	4500000	-1	0	0
4002	80级红缸	赤红灵珠	127	2	16	1	9000000	-1	0	0
4003	100级红缸	绯红灵珠	127	2	16	1	18000000	-1	0	0
4006	60级蓝缸	湖蓝灵珠	127	2	17	2	450000	-1	0	0
4007	80级蓝缸	湛蓝灵珠	127	2	17	2	900000	-1	0	0
4008	100级蓝缸	碧蓝灵珠	127	2	17	2	1800000	-1	0	0
4011	红药	红药	103	1	16	1	100	-1	0	0
4012	红药	红药	103	1	16	1	550	-1	0	0
4013	红药	红药	103	1	16	1	1350	-1	0	0
4014	红药	红药	103	1	16	1	2300	-1	0	0
4015	红药	红药	103	1	16	1	3450	-1	0	0
4016	红药	红药	103	1	16	1	6200	-1	0	0
4017	红药	红药	103	1	16	1	10250	-1	0	0
4018	红药	红药	103	1	16	1	15100	-1	0	0
4019	红药	红药	103	1	16	1	19650	-1	0	0
4020	红药	红药	103	1	16	1	26700	-1	0	0
4021	蓝药	蓝药	103	1	17	2	100	-1	0	0
4022	蓝药	蓝药	103	1	17	2	250	-1	0	0
4023	蓝药	蓝药	103	1	17	2	550	-1	0	0
4024	蓝药	蓝药	103	1	17	2	1000	-1	0	0
4025	蓝药	蓝药	103	1	17	2	1550	-1	0	0
4026	蓝药	蓝药	103	1	17	2	2750	-1	0	0
4027	蓝药	蓝药	103	1	17	2	5000	-1	0	0
4028	蓝药	蓝药	103	1	17	2	6900	-1	0	0
4029	蓝药	蓝药	103	1	17	2	8750	-1	0	0
4030	蓝药	蓝药	103	1	17	2	11100	-1	0	0
4032	初级修炼丹	初级修炼丹	103	1	-1	3	100	-1	0	0
4033	中级修炼丹	中级修炼丹	103	1	-1	3	500	-1	0	0
4034	高级修炼丹	高级修炼丹	103	1	-1	3	1000	-1	0	0
4035	体力丹	体力丹	103	1	-1	4	100	-1	0	0
4036	丹药50级物理攻击	1品武力丹	112	1	-1	0	49101	-1	0	0
4037	丹药70级物理攻击	2品武力丹	112	1	-1	0	49102	-1	0	0
4038	丹药90级物理攻击	3品武力丹	112	1	-1	0	49103	-1	0	0
4039	丹药100级物理攻击	4品武力丹	112	1	-1	0	49104	-1	0	0
4040	丹药110级物理攻击	5品武力丹	112	1	-1	0	49105	-1	0	0
4041	丹药120级物理攻击	6品武力丹	112	1	-1	0	49106	-1	0	0
4042	丹药50级法术攻击	1品元气丹	112	1	-1	0	49107	-1	0	0
4043	丹药70级法术攻击	2品元气丹	112	1	-1	0	49108	-1	0	0
4044	丹药90级法术攻击	3品元气丹	112	1	-1	0	49109	-1	0	0
4045	丹药100级法术攻击	4品元气丹	112	1	-1	0	49110	-1	0	0
4046	丹药110级法术攻击	5品元气丹	112	1	-1	0	49111	-1	0	0
4047	丹药120级法术攻击	6品元气丹	112	1	-1	0	49112	-1	0	0
4048	丹药50级物理防御	1品护元丹	112	1	-1	0	49113	-1	0	0
4049	丹药70级物理防御	2品护元丹	112	1	-1	0	49114	-1	0	0
4050	丹药90级物理防御	3品护元丹	112	1	-1	0	49115	-1	0	0
4051	丹药100级物理防御	4品护元丹	112	1	-1	0	49116	-1	0	0
4052	丹药110级物理防御	5品护元丹	112	1	-1	0	49117	-1	0	0
4053	丹药120级物理防御	6品护元丹	112	1	-1	0	49118	-1	0	0
4054	丹药50级法术防御	1品护心丹	112	1	-1	0	49119	-1	0	0
4055	丹药70级法术防御	2品护心丹	112	1	-1	0	49120	-1	0	0
4056	丹药90级法术防御	3品护心丹	112	1	-1	0	49121	-1	0	0
4057	丹药100级法术防御	4品护心丹	112	1	-1	0	49122	-1	0	0
4058	丹药110级法术防御	5品护心丹	112	1	-1	0	49123	-1	0	0
4059	丹药120级法术防御	6品护心丹	112	1	-1	0	49124	-1	0	0
4060	丹药50级命中	1品凝神丹	112	1	-1	0	49125	-1	0	0
4061	丹药70级命中	2品凝神丹	112	1	-1	0	49126	-1	0	0
4062	丹药90级命中	3品凝神丹	112	1	-1	0	49127	-1	0	0
4063	丹药100级命中	4品凝神丹	112	1	-1	0	49128	-1	0	0
4064	丹药110级命中	5品凝神丹	112	1	-1	0	49129	-1	0	0
4065	丹药120级命中	6品凝神丹	112	1	-1	0	49130	-1	0	0
4066	丹药50级闪避	1品轻身丹	112	1	-1	0	49131	-1	0	0
4067	丹药70级闪避	2品轻身丹	112	1	-1	0	49132	-1	0	0
4068	丹药90级闪避	3品轻身丹	112	1	-1	0	49133	-1	0	0
4069	丹药100级闪避	4品轻身丹	112	1	-1	0	49134	-1	0	0
4070	丹药110级闪避	5品轻身丹	112	1	-1	0	49135	-1	0	0
4071	丹药120级闪避	6品轻身丹	112	1	-1	0	49136	-1	0	0
4072	丹药50级暴击	1品炎阳丹	112	1	-1	0	49137	-1	0	0
4073	丹药70级暴击	2品炎阳丹	112	1	-1	0	49138	-1	0	0
4074	丹药90级暴击	3品炎阳丹	112	1	-1	0	49139	-1	0	0
4075	丹药100级暴击	4品炎阳丹	112	1	-1	0	49140	-1	0	0
4076	丹药110级暴击	5品炎阳丹	112	1	-1	0	49141	-1	0	0
4077	丹药120级暴击	6品炎阳丹	112	1	-1	0	49142	-1	0	0
4078	丹药50级血上限	1品凝血丹	112	1	-1	0	49143	-1	0	0
4079	丹药70级血上限	2品凝血丹	112	1	-1	0	49144	-1	0	0
4080	丹药90级血上限	3品凝血丹	112	1	-1	0	49145	-1	0	0
4081	丹药100级血上限	4品凝血丹	112	1	-1	0	49146	-1	0	0
4082	丹药110级血上限	5品凝血丹	112	1	-1	0	49147	-1	0	0
4083	丹药120级血上限	6品凝血丹	112	1	-1	0	49148	-1	0	0
4084	清心丹	清心丹	118	1	-1	0	-1	-1	0	0
4500	火焰弹技能学习书	火焰弹技能学习书	99999	1	-1	0	0	-1	-1	22
4501	烬燃术技能学习书	烬燃术技能学习书	99999	1	-1	0	0	-1	-1	22
4502	怒火燎原技能学习书	怒火燎原技能学习书	99999	1	-1	0	0	-1	-1	22
4503	灼伤烈焰技能学习书	灼伤烈焰技能学习书	99999	1	-1	0	0	-1	-1	22
4504	晕眩术技能学习书	晕眩术技能学习书	99999	1	-1	0	0	-1	-1	22
4505	烈焰狂怒技能学习书	烈焰狂怒技能学习书	99999	1	-1	0	0	-1	-1	22
4506	强攻之火技能学习书	强攻之火技能学习书	99999	1	-1	0	0	-1	-1	22
4507	空气炮技能学习书	空气炮技能学习书	99999	1	-1	0	0	-1	-1	22
4508	雷暴技能学习书	雷暴技能学习书	99999	1	-1	0	0	-1	-1	22
4509	气守技能学习书	气守技能学习书	99999	1	-1	0	0	-1	-1	22
4510	极致风行技能学习书	极致风行技能学习书	99999	1	-1	0	0	-1	-1	22
4511	致盲技能学习书	致盲技能学习书	99999	1	-1	0	0	-1	-1	22
4512	狂暴气旋技能学习书	狂暴气旋技能学习书	99999	1	-1	0	0	-1	-1	22
4513	沙暴技能学习书	沙暴技能学习书	99999	1	-1	0	0	-1	-1	22
4514	回复术技能学习书	回复术技能学习书	99999	1	-1	0	0	-1	-1	22
4515	再生术技能学习书	再生术技能学习书	99999	1	-1	0	0	-1	-1	22
4516	水流护盾技能学习书	水流护盾技能学习书	99999	1	-1	0	0	-1	-1	22
4517	水之御技能学习书	水之御技能学习书	99999	1	-1	0	0	-1	-1	22
4518	海啸之力技能学习书	海啸之力技能学习书	99999	1	-1	0	0	-1	-1	22
4519	海洋之守技能学习书	海洋之守技能学习书	99999	1	-1	0	0	-1	-1	22
4520	冰冻术技能学习书	冰冻术技能学习书	99999	1	-1	0	0	-1	-1	22
4521	落石技能学习书	落石技能学习书	99999	1	-1	0	0	-1	-1	22
4522	木之祝福技能学习书	木之祝福技能学习书	99999	1	-1	0	0	-1	-1	22
4523	死亡缠绕技能学习书	死亡缠绕技能学习书	99999	1	-1	0	0	-1	-1	22
4524	裂铁术技能学习书	裂铁术技能学习书	99999	1	-1	0	0	-1	-1	22
4525	针刺护甲技能学习书	针刺护甲技能学习书	99999	1	-1	0	0	-1	-1	22
4526	大地占卜技能学习书	大地占卜技能学习书	99999	1	-1	0	0	-1	-1	22
4527	地脉守护技能学习书	地脉守护技能学习书	99999	1	-1	0	0	-1	-1	22
5500	少室山掉落坐骑	石狮子	111	1	-1	2	0	-1	0	0
5501	等级礼包坐骑	礼包坐骑	111	1	-1	1	0	-1	0	0
6000	首周奖励	进化狼	109	1	-1	18	3	-1	0	0
6001	首周奖励	进化狼	109	1	-1	2	3	-1	0	0
6002	副本抽奖伙伴	伙伴：豹	109	1	-1	3	1	-1	0	0
6003	橙色钟灵伙伴	钟灵	109	1	-1	10	4	-1	0	0
6004	橙色甘宝宝伙伴	甘宝宝	109	1	-1	11	4	-1	0	0
6005	橙色马夫人伙伴	马夫人	109	1	-1	12	4	-1	0	0
6006	橙色木婉清伙伴	木婉清	109	1	-1	13	4	-1	0	0
6007	橙色刀白凤伙伴	刀白凤	109	1	-1	14	4	-1	0	0
6008	橙色阿朱伙伴	阿朱	109	1	-1	15	4	-1	0	0
6009	橙色王语嫣伙伴	王语嫣	109	1	-1	16	4	-1	0	0
6010	橙色天山童姥伙伴	天山童姥	109	1	-1	19	4	-1	0	0
6011	橙色秦红棉伙伴	秦红棉	109	1	-1	20	4	-1	0	0
6012	橙色阮星竹伙伴	阮星竹	109	1	-1	21	4	-1	0	0
6013	橙色阿碧伙伴	阿碧	109	1	-1	22	4	-1	0	0
6014	橙色阿紫伙伴	阿紫	109	1	-1	23	4	-1	0	0
6015	橙色李秋水伙伴	李秋水	109	1	-1	24	4	-1	0	0
6016	橙色李青萝伙伴	李青萝	109	1	-1	25	4	-1	0	0
6017	橙色西夏公主伙伴	西夏公主	109	1	-1	26	4	-1	0	0
6018	白色天山童姥伙伴	天山童姥	109	1	-1	19	0	-1	0	0
6019	绿色天山童姥伙伴	天山童姥	109	1	-1	19	1	-1	0	0
6020	蓝色天山童姥伙伴	天山童姥	109	1	-1	19	2	-1	0	0
6021	紫色天山童姥伙伴	天山童姥	109	1	-1	19	3	-1	0	0
6022	闪电貂	闪电貂	109	1	-1	27	3	-1	0	0
6023	VIP宝宝	VIP宝宝	109	1	-1	28	4	-1	0	0
6024	火狐	火狐	109	1	-1	30	0	-1	0	0
6025	火狐	火狐	109	1	-1	30	1	-1	0	0
6026	火狐	火狐	109	1	-1	30	2	-1	0	0
6027	火狐	火狐	109	1	-1	30	3	-1	0	0
6028	火狐	火狐	109	1	-1	30	4	-1	0	0
6029	凤凰	凤凰	109	1	-1	31	0	-1	0	0
6030	凤凰	凤凰	109	1	-1	31	1	-1	0	0
6031	凤凰	凤凰	109	1	-1	31	2	-1	0	0
6032	凤凰	凤凰	109	1	-1	31	3	-1	0	0
6033	凤凰	凤凰	109	1	-1	31	4	-1	0	0
6034	资质用伙伴	进化豹	109	1	-1	4	0	-1	0	0
6035	资质用伙伴	进化豹	109	1	-1	4	1	-1	0	0
6036	资质用伙伴	进化豹	109	1	-1	4	2	-1	0	0
6037	资质用伙伴	进化豹	109	1	-1	4	3	-1	0	0
6038	资质用伙伴	进化豹	109	1	-1	4	4	-1	0	0
6039	闪电貂	闪电貂	109	1	-1	27	0	-1	0	0
6040	闪电貂	闪电貂	109	1	-1	27	1	-1	0	0
6041	闪电貂	闪电貂	109	1	-1	27	2	-1	0	0
6042	闪电貂	闪电貂	109	1	-1	27	3	-1	0	0
6043	闪电貂	闪电貂	109	1	-1	27	4	-1	0	0
6044	羊宝宝	羊小咩	109	1	-1	32	0	-1	0	0
6045	羊宝宝	羊小咩	109	1	-1	32	1	-1	0	0
6046	羊宝宝	羊小咩	109	1	-1	32	2	-1	0	0
6047	羊宝宝	羊小咩	109	1	-1	32	3	-1	0	0
6048	羊宝宝	羊小咩	109	1	-1	32	4	-1	0	0
6049	VIP伙伴_天龙	天龙	109	1	-1	33	3	-1	0	0
6050	VIP伙伴_天龙	天龙	109	1	-1	33	4	-1	0	0
6051	VIP伙伴_天龙	天龙	109	1	-1	33	5	-1	0	0
6052	VIP伙伴_天龙	天龙	109	1	-1	33	6	-1	0	0
6053	VIP伙伴_乔峰	乔峰	109	1	-1	34	5	-1	0	0
6054	VIP伙伴_乔峰	乔峰	109	1	-1	35	4	-1	0	0
6055	VIP伙伴_段誉	段誉	109	1	-1	36	5	-1	0	0
6056	VIP伙伴_段誉	段誉	109	1	-1	37	4	-1	0	0
6057	VIP伙伴_虚竹	虚竹	109	1	-1	38	5	-1	0	0
6058	VIP伙伴_虚竹	虚竹	109	1	-1	39	4	-1	0	0
6059	猎犬宝宝	猎犬宝宝	109	1	-1	0	3	-1	0	0
6060	成年猎犬	成年猎犬	109	1	-1	1	3	-1	0	0
6061	紫色豹	豹	109	1	-1	3	3	-1	0	0
6062	紫色进化豹	进化豹	109	1	-1	4	3	-1	0	0
6063	紫色虎	虎	109	1	-1	5	3	-1	0	0
6064	紫色进化虎	进化虎	109	1	-1	6	3	-1	0	0
6065	紫色狮	狮	109	1	-1	7	3	-1	0	0
6066	紫色进化狮	进化狮	109	1	-1	8	3	-1	0	0
6067	紫色钟灵	钟灵	109	1	-1	10	3	-1	0	0
6068	紫色甘宝宝	甘宝宝	109	1	-1	11	3	-1	0	0
6069	紫色马夫人	马夫人	109	1	-1	12	3	-1	0	0
6070	紫色木婉清	木婉清	109	1	-1	13	3	-1	0	0
6071	紫色刀白凤	刀白凤	109	1	-1	14	3	-1	0	0
6072	紫色阿朱	阿朱	109	1	-1	15	3	-1	0	0
6073	紫色王语嫣	王语嫣	109	1	-1	16	3	-1	0	0
6074	紫色穷奇	穷奇	109	1	-1	17	3	-1	0	0
6075	紫色天山童姥	天山童姥	109	1	-1	19	3	-1	0	0
6076	紫色秦红棉	秦红棉	109	1	-1	20	3	-1	0	0
6077	紫色阮星竹	阮星竹	109	1	-1	21	3	-1	0	0
6078	紫色阿碧	阿碧	109	1	-1	22	3	-1	0	0
6079	紫色阿紫	阿紫	109	1	-1	23	3	-1	0	0
6080	紫色李秋水	李秋水	109	1	-1	24	3	-1	0	0
6081	紫色李青萝	李青萝	109	1	-1	25	3	-1	0	0
6082	紫色西夏公主	西夏公主	109	1	-1	26	3	-1	0	0
6083	橙色狼	狼	109	1	-1	1	4	-1	0	0
6084	橙色进化狼	进化狼	109	1	-1	2	4	-1	0	0
6085	橙色豹	豹	109	1	-1	3	4	-1	0	0
6086	橙色进化豹	进化豹	109	1	-1	4	4	-1	0	0
6087	橙色虎	虎	109	1	-1	5	4	-1	0	0
6088	橙色进化虎	进化虎	109	1	-1	6	4	-1	0	0
6089	橙色狮	狮	109	1	-1	7	4	-1	0	0
6090	橙色进化狮	进化狮	109	1	-1	8	4	-1	0	0
6091	橙色穷奇	穷奇	109	1	-1	17	4	-1	0	0
6092	伙伴	飘飘鸭	109	1	-1	40	0	-1	0	0
6093	伙伴	飘飘鸭	109	1	-1	40	1	-1	0	0
6094	伙伴	飘飘鸭	109	1	-1	40	2	-1	0	0
6095	伙伴	飘飘鸭	109	1	-1	40	3	-1	0	0
6096	伙伴	飘飘鸭	109	1	-1	40	4	-1	0	0
9501	宝箱钥匙（铜）	宝箱钥匙（铜）	115	1	-1	1	141	52193	1	1
52192	动态经验丹	经验丹	113	1	-1	0	0	-1	0	0
52193	铜宝箱	铜宝箱	115	1	-1	1	141	9501	1	1
52194	银宝箱	银宝箱	115	1	-1	1	142	52197	1	1
52195	金宝箱	金宝箱	115	1	-1	1	143	52198	1	1
52197	宝箱钥匙（银）	宝箱钥匙（银）	115	1	-1	1	142	52194	1	1
52198	宝箱钥匙（金）	宝箱钥匙（金）	115	1	-1	1	143	52195	1	1
52199	1000金币	1000金币	108	1	-1	0	1000	-1	0	0
52200	5000金币	5000金币	108	1	-1	0	5000	-1	0	0
52201	30000金币	30000金币	108	1	-1	0	30000	-1	0	0
56500	每日抽奖美人	西夏公主	110	1	-1	5	0	-1	0	0
56501	每日抽奖坐骑	白马	111	1	-1	1	0	-1	0	0
56502	每日抽奖伙伴	伙伴：豹	109	1	-1	3	3	-1	0	0
56503	每日抽奖橙色装备包	每日抽奖橙色装备包	107	1	-1	0	0	-1	0	0
56504	每日抽奖紫色装备包	每日抽奖紫色装备包	107	1	-1	0	0	-1	0	0
56505	2级宝石礼包	2级宝石礼包	104	1	-1	1	103	-1	0	0
56506	每日抽奖生活材料包	每日抽奖生活材料包	107	1	-1	0	0	-1	0	0
56507	每日抽奖金币包	每日抽奖金币包	107	1	-1	0	0	-1	0	0
56508	1级宝石礼包	1级宝石礼包	104	1	-1	1	102	-1	0	0
56509	300金币	300金币	108	1	-1	0	300	-1	0	0
56510	500金币	500金币	108	1	-1	0	500	-1	0	0
56511	800金币	800金币	108	1	-1	0	800	-1	0	0
56512	3K经验丹	一品经验丹	106	1	-1	0	3000	-1	0	0
56513	5K经验丹	二品经验丹	106	1	-1	0	5000	-1	0	0
56514	1W经验丹	三品经验丹	106	1	-1	0	10000	-1	0	0
56515	美人亲密宝箱	美人亲密宝箱	104	1	-1	1	22	-1	0	0
56516	1帮贡	帮贡	105	1	-1	0	1	-1	0	0
56517	红马（7日）	红马（7日）	111	1	-1	2	0	-1	0	0
56518	红马（30日）	红马（30日）	111	1	-1	2	0	-1	0	0
56519	红马（永久）	红马（永久）	111	1	-1	2	0	-1	0	0
56520	美人卡片	甘宝宝	110	1	-1	13	0	-1	0	0
56521	美人卡片	木婉清	110	1	-1	1	0	-1	0	0
56522	美人卡片	王语嫣	110	1	-1	2	0	-1	0	0
56523	美人卡片	阿朱	110	1	-1	3	0	-1	0	0
56524	美人卡片	阿紫	110	1	-1	4	0	-1	0	0
56525	美人卡片	西夏公主	110	1	-1	5	0	-1	0	0
56526	美人卡片	阿碧	110	1	-1	6	0	-1	0	0
56527	美人卡片	李秋水	110	1	-1	7	0	-1	0	0
56528	美人卡片	天山童姥	110	1	-1	8	0	-1	0	0
56529	美人卡片	刀白凤	110	1	-1	9	0	-1	0	0
56530	美人卡片	王夫人	110	1	-1	10	0	-1	0	0
56531	美人卡片	秦红棉	110	1	-1	11	0	-1	0	0
56532	美人卡片	软星竹	110	1	-1	12	0	-1	0	0
56533	美人卡片	钟灵	110	1	-1	0	0	-1	0	0
56534	美人卡片	马夫人	110	1	-1	14	0	-1	0	0
56550	每日抽奖伙伴礼包	伙伴礼包	107	1	-1	0	0	-1	0	0
56551	每日抽奖：狼	狼	109	1	-1	1	0	-1	0	0
56552	每日抽奖：进化狼	进化狼	109	1	-1	2	0	-1	0	0
56553	每日抽奖：豹	豹	109	1	-1	3	0	-1	0	0
56554	每日抽奖：进化豹	进化豹	109	1	-1	4	0	-1	0	0
56555	遗忘废墟掉落称号	稀有称号牌1	116	1	-1	0	32	-1	0	0
56556	遗忘废墟掉落称号	稀有称号牌2	116	1	-1	0	33	-1	0	0
56557	遗忘废墟掉落称号	稀有称号牌3	116	1	-1	0	34	-1	0	0
56558	10级大礼包	10级大礼包	119	1	-1	-1	-1	-1	0	0
56559	20级大礼包	20级大礼包	119	1	-1	-1	-1	-1	0	0
56560	30级大礼包	30级大礼包	119	1	-1	-1	-1	-1	0	0
56561	40级大礼包	40级大礼包	119	1	-1	-1	-1	-1	0	0
56562	50级大礼包	50级大礼包	119	1	-1	-1	-1	-1	0	0
56563	60级大礼包	60级大礼包	119	1	-1	-1	-1	-1	0	0
56564	70级大礼包	70级大礼包	119	1	-1	-1	-1	-1	0	0
56565	80级大礼包	80级大礼包	119	1	-1	-1	-1	-1	0	0
56566	90级大礼包	90级大礼包	119	1	-1	-1	-1	-1	0	0
56567	100级大礼包	100级大礼包	119	1	-1	-1	-1	-1	0	0
56568	等级礼包称号	礼包紫色称号	116	1	-1	0	38	-1	0	0
56569	等级礼包时装	礼包时装	117	1	-1	1	0	-1	0	0
56570	等级礼包称号	礼包蓝色称号	116	1	-1	0	39	-1	0	0
56571	等级礼包称号	礼包绿色称号	116	1	-1	0	40	-1	0	0
56572	等级礼包称号	礼包白色称号	116	1	-1	0	41	-1	0	0
56573	萧峰侠客	萧峰侠客	114	1	-1	55	0	-1	0	0
56574	向望海侠客	向望海侠客	114	1	-1	1	0	-1	0	0
56575	姚伯当侠客	姚伯当侠客	114	1	-1	2	0	-1	0	0
56576	鲍千灵侠客	鲍千灵侠客	114	1	-1	3	0	-1	0	0
56577	司马林侠客	司马林侠客	114	1	-1	4	0	-1	0	0
56578	单正侠客	单正侠客	114	1	-1	5	0	-1	0	0
56579	单伯山侠客	单伯山侠客	114	1	-1	6	0	-1	0	0
56580	单仲山侠客	单仲山侠客	114	1	-1	7	0	-1	0	0
56581	单季山侠客	单季山侠客	114	1	-1	8	0	-1	0	0
56582	单叔山侠客	单叔山侠客	114	1	-1	9	0	-1	0	0
56583	单小山侠客	单小山侠客	114	1	-1	10	0	-1	0	0
56584	崔百泉侠客	崔百泉侠客	114	1	-1	11	0	-1	0	0
56585	钟万仇侠客	钟万仇侠客	114	1	-1	12	0	-1	0	0
56586	乌老大侠客	乌老大侠客	114	1	-1	13	0	-1	0	0
56587	桑土公侠客	桑土公侠客	114	1	-1	14	0	-1	0	0
56588	哈大霸侠客	哈大霸侠客	114	1	-1	15	0	-1	0	0
56589	不平道长侠客	不平道长侠客	114	1	-1	16	0	-1	0	0
56590	智光大师侠客	智光大师侠客	114	1	-1	17	0	-1	0	0
56591	谭公侠客	谭公侠客	114	1	-1	18	0	-1	0	0
56592	赵钱孙侠客	赵钱孙侠客	114	1	-1	19	0	-1	0	0
56593	摘星子侠客	摘星子侠客	114	1	-1	20	0	-1	0	0
56594	褚万里侠客	褚万里侠客	114	1	-1	21	0	-1	0	0
56595	古笃诚侠客	古笃诚侠客	114	1	-1	22	0	-1	0	0
56596	傅思归侠客	傅思归侠客	114	1	-1	23	0	-1	0	0
56597	朱丹臣侠客	朱丹臣侠客	114	1	-1	24	0	-1	0	0
56598	白世镜侠客	白世镜侠客	114	1	-1	25	0	-1	0	0
56599	陈孤雁侠客	陈孤雁侠客	114	1	-1	26	0	-1	0	0
56600	吴长风侠客	吴长风侠客	114	1	-1	27	0	-1	0	0
56601	全冠清侠客	全冠清侠客	114	1	-1	28	0	-1	0	0
56602	巴天石侠客	巴天石侠客	114	1	-1	29	0	-1	0	0
56603	邓百川侠客	邓百川侠客	114	1	-1	30	0	-1	0	0
56604	公冶乾侠客	公冶乾侠客	114	1	-1	31	0	-1	0	0
56605	包不同侠客	包不同侠客	114	1	-1	32	0	-1	0	0
56606	风波恶侠客	风波恶侠客	114	1	-1	33	0	-1	0	0
56607	卓不凡侠客	卓不凡侠客	114	1	-1	34	0	-1	0	0
56608	哲罗星侠客	哲罗星侠客	114	1	-1	35	0	-1	0	0
56609	神山上人侠客	神山上人侠客	114	1	-1	36	0	-1	0	0
56610	云中鹤侠客	云中鹤侠客	114	1	-1	37	0	-1	0	0
56611	南海鳄神侠客	南海鳄神侠客	114	1	-1	38	0	-1	0	0
56612	慕容复侠客	慕容复侠客	114	1	-1	39	0	-1	0	0
56613	鸠摩智侠客	鸠摩智侠客	114	1	-1	40	0	-1	0	0
56614	枯荣大师侠客	枯荣大师侠客	114	1	-1	41	0	-1	0	0
56615	黄眉大师侠客	黄眉大师侠客	114	1	-1	42	0	-1	0	0
56616	丁春秋侠客	丁春秋侠客	114	1	-1	43	0	-1	0	0
56617	游坦之侠客	游坦之侠客	114	1	-1	44	0	-1	0	0
56618	段延庆侠客	段延庆侠客	114	1	-1	45	0	-1	0	0
56619	段正明侠客	段正明侠客	114	1	-1	46	0	-1	0	0
56620	段正淳侠客	段正淳侠客	114	1	-1	47	0	-1	0	0
56621	玄难侠客	玄难侠客	114	1	-1	48	0	-1	0	0
56622	玄悲侠客	玄悲侠客	114	1	-1	49	0	-1	0	0
56623	玄苦侠客	玄苦侠客	114	1	-1	50	0	-1	0	0
56624	玄慈侠客	玄慈侠客	114	1	-1	51	0	-1	0	0
56625	苏星河侠客	苏星河侠客	114	1	-1	52	0	-1	0	0
56626	段誉侠客	段誉侠客	114	1	-1	53	0	-1	0	0
56627	虚竹侠客	虚竹侠客	114	1	-1	54	0	-1	0	0
56628	【废弃】萧峰侠客	萧峰侠客	114	1	-1	55	0	-1	0	0
56629	萧远山侠客	萧远山侠客	114	1	-1	56	0	-1	0	0
56630	慕容博侠客	慕容博侠客	114	1	-1	57	0	-1	0	0
56631	逍遥子侠客	逍遥子侠客	114	1	-1	58	0	-1	0	0
56632	无崖子侠客	无崖子侠客	114	1	-1	59	0	-1	0	0
56633	扫地神僧侠客	扫地神僧侠客	114	1	-1	60	0	-1	0	0
56634	2W经验丹	四品经验丹	106	1	-1	0	20000	-1	0	0
56635	5W经验丹	五品经验丹	106	1	-1	0	50000	-1	0	0
56636	10W经验丹	六品经验丹	106	1	-1	0	100000	-1	0	0
56637	20W经验丹	七品经验丹	106	1	-1	0	200000	-1	0	0
56638	50W经验丹	八品经验丹	106	1	-1	0	500000	-1	0	0
56639	100W经验丹	九品经验丹	106	1	-1	0	1000000	-1	0	0
58057	伙伴技能书宝箱	伙伴技能书宝箱	104	1	-1	1	35	-1	0	0
59001	Vip1礼包	10级橙色武器	107	1	-1	0	0	-1	0	0
59002	Vip2礼包	紫色钟灵	109	1	-1	10	3	-1	0	0
59003	【废弃】Vip3礼包	打星石礼包	107	1	-1	0	0	-1	0	0
59004	【废弃】Vip5礼包	冰魄神丹礼包	107	1	-1	0	0	-1	0	0
59005	Vip7宠物	【暂定】掌柜萌萌哒	109	1	-1	4	4	-1	0	0
59006	【废弃】Vip12礼包	70级橙色武器	107	1	-1	0	0	-1	0	0
59021	结婚马车	结婚马车	111	1	-1	2	0	-1	0	0
59022	结婚礼服	结婚礼服	117	1	-1	2	0	-1	0	0
59023	VIP4王语嫣	王语嫣	110	1	-1	2	0	-1	0	0
59024	VIP8阿朱	阿朱	110	1	-1	3	0	-1	0	0
59025	SNS分享者	分享礼包	120	1	-1	-1	-1	-1	1	1
59026	SNS参与者	成长礼包	120	1	-1	-1	-1	-1	1	1
59027	SNS分享者	分享礼包（30级）	120	1	-1	-1	-1	-1	1	1
59028	SNS参与者	成长礼包（30级）	120	1	-1	-1	-1	-1	1	1
59029	金币5000	金币5000	108	1	-1	0	5000	-1	0	0
59030	绑定元宝50	绑定元宝50	108	1	-1	2	50	-1	0	0
59039	狮子7	狮子	111	1	-1	2	0	-1	0	0
59040	狮子30	狮子	111	1	-1	2	0	-1	0	0
59041	狮子永久	狮子	111	1	-1	2	0	-1	0	0
59042	麒麟7	麒麟	111	1	-1	2	0	-1	0	0
59043	麒麟30	麒麟	111	1	-1	2	0	-1	0	0
59044	麒麟永久	麒麟	111	1	-1	2	0	-1	0	0
59045	白马7日	白马	111	1	-1	2	0	-1	0	0
59046	白马永久	白马（永久）	111	1	-1	2	0	-1	0	0
59047	封测礼包	封测礼包	123	1	-1	-1	-1	-1	0	0
59048	人物改名书	人物改名书	122	0	-1	1	0	-1	0	0
59049	帮会改名书	帮会改名书	122	0	-1	2	0	-1	0	0
59050	师门改名书	师门改名书	122	0	-1	3	0	-1	0	0
59051	陆行雕7	陆行雕7	111	1	-1	2	0	-1	0	0
59052	陆行雕30	陆行雕30	111	1	-1	2	0	-1	0	0
59053	陆行雕永久	陆行雕永久	111	1	-1	2	0	-1	0	0
59066	世界BOSS宝石包（临时）	宝石奖励包	104	1	-1	1	2156	-1	0	0
59067	世界BOSS技能书包（临时）	伙伴技能书奖励包	104	1	-1	1	2157	-1	0	0
59068	世界BOSS天山童姥伙伴包（临时）	天山童姥伙伴奖励包	104	1	-1	1	2158	-1	0	0
59070	中转礼包-个人	中转礼包-个人	104	1	-1	1	2164	-1	0	0
59071	中转礼包-公会	中转礼包-公会	104	1	-1	1	2165	-1	0	0
59072	战神礼包	战神礼包	104	1	-1	1	2159	-1	0	0
59073	争霸礼包	争霸礼包	104	1	-1	1	2160	-1	0	0
59074	公会礼包	公会礼包	104	1	-1	1	2161	-1	0	0
59075	会长礼包	会长礼包	104	1	-1	1	2162	-1	0	0
59076	元老礼包	元老礼包	104	1	-1	1	2163	-1	0	0
59077	粉花小烟花	落英如画烟花	124	1	124	2	-1	-1	0	0
59078	蓝星小烟花	繁星点点烟花	124	1	124	3	-1	-1	0	0
59079	橙桃小烟花	红心飘零烟花	124	1	124	4	-1	-1	0	0
59080	橙射中烟花	华美绽放焰火	124	1	124	5	-1	-1	0	0
59081	粉荆中烟花	漫天花雨焰火	124	1	124	6	-1	-1	0	0
59082	缤纷大烟花	缤纷璀璨礼花	124	1	124	7	-1	-1	0	0
59084	副本钥匙（聚贤庄）	副本钥匙（聚贤庄）	121	1	-1	11	1	-1	0	0
59085	副本钥匙（燕子坞）	副本钥匙（燕子坞）	121	1	-1	19	1	-1	0	0
59086	副本钥匙（燕王古墓）	副本钥匙（燕王古墓）	121	1	-1	27	1	-1	0	0
59087	副本钥匙（珍珑棋局）	副本钥匙（珍珑棋局）	121	1	-1	28	1	-1	0	0
59088	副本钥匙（少室山）	副本钥匙（少室山）	121	1	-1	31	1	-1	0	0
59089	仙侣情缘（7天）	仙侣情缘（7天）	117	1	-1	0	0	-1	0	0
59090	仙侣情缘（30天）	仙侣情缘（30天）	117	1	-1	0	1	-1	0	0
59091	仙侣情缘（永久）	仙侣情缘（永久）	117	1	-1	0	2	-1	0	0
59092	暗淡雕灵（7天）	暗淡雕灵（7天）	117	1	-1	1	0	-1	0	0
59093	暗淡雕灵（30天）	暗淡雕灵（30天）	117	1	-1	1	1	-1	0	0
59094	暗淡雕灵（永久）	暗淡雕灵（永久）	117	1	-1	1	2	-1	0	0
59095	新婚礼服（7天）	新婚礼服（7天）	117	1	-1	2	0	-1	0	0
59096	新婚礼服（30天）	新婚礼服（30天）	117	1	-1	2	1	-1	0	0
59097	新婚礼服（永久）	新婚礼服（永久）	117	1	-1	2	2	-1	0	0
59098	龙门飞甲（7天）	龙门飞甲（7天）	117	1	-1	3	0	-1	0	0
59099	龙门飞甲（30天）	龙门飞甲（30天）	117	1	-1	3	1	-1	0	0
59100	龙门飞甲（永久）	龙门飞甲（永久）	117	1	-1	3	2	-1	0	0
59101	大方无隅（7天）	大方无隅（7天）	117	1	-1	4	0	-1	0	0
59102	大方无隅（30天）	大方无隅（30天）	117	1	-1	4	1	-1	0	0
59103	大方无隅（永久）	大方无隅（永久）	117	1	-1	4	2	-1	0	0
59104	弦月菩心（7天）	弦月菩心（7天）	117	1	-1	5	0	-1	0	0
59105	弦月菩心（30天）	弦月菩心（30天）	117	1	-1	5	1	-1	0	0
59106	弦月菩心（永久）	弦月菩心（永久）	117	1	-1	5	2	-1	0	0
59107	寒山采晴（7天）	寒山采晴（7天）	117	1	-1	6	0	-1	0	0
59108	寒山采晴（30天）	寒山采晴（30天）	117	1	-1	6	1	-1	0	0
59109	寒山采晴（永久）	寒山采晴（永久）	117	1	-1	6	2	-1	0	0
59110	日月同辉（7天）	日月同辉（7天）	117	1	-1	7	0	-1	0	0
59111	日月同辉（30天）	日月同辉（30天）	117	1	-1	7	1	-1	0	0
59112	日月同辉（永久）	日月同辉（永久）	117	1	-1	7	2	-1	0	0
59113	封测元老	封测元老	116	1	-1	0	86	-1	0	0
59114	战神	战神	116	1	-1	0	87	-1	0	0
59115	公会争霸	帮会争霸	116	1	-1	0	88	-1	0	0
59116	万圣节_南瓜	南瓜	126	0	-1	1	0	-1	0	0
59117	万圣节_普通礼包	糖果礼包	104	1	-1	1	2166	-1	0	0
59118	万圣节_豪华礼包	奢华糖果礼包	104	1	-1	1	2167	-1	0	0
59119	10万金币	小堆金币	108	1	-1	0	100000	-1	0	0
59120	100万金币	大堆金币	108	1	-1	0	1000000	-1	0	0
59121	800元宝	元宝如山	108	1	-1	2	800	-1	0	0
59122	万圣节_熊猫时装3	清新翠竹	117	1	-1	8	0	-1	0	0
59123	万圣节_熊猫时装7	清新翠竹	117	1	-1	8	0	-1	0	0
59124	万圣节_熊猫时装永久	清新翠竹	117	1	-1	8	0	-1	0	0
59125	万圣节_熊猫坐骑3	翠竹熊猫	111	1	-1	2	0	-1	0	0
59126	万圣节_熊猫坐骑7	翠竹熊猫	111	1	-1	2	0	-1	0	0
59127	万圣节_熊猫坐骑永久	翠竹熊猫（永久）	111	1	-1	2	0	-1	0	0
59128	光棍节_玫瑰	娇艳玫瑰	125	1	-1	0	0	-1	0	0
59129	情人节_巧克力	沁香巧克力	125	1	-1	0	0	-1	0	0
59130	光棍节_1天时装包	相亲装束	104	1	-1	1	2168	-1	0	0
59131	龙门飞甲（1天）	龙门飞甲	117	1	-1	3	0	-1	0	0
59132	大方无隅（1天）	大方无隅	117	1	-1	4	0	-1	0	0
59133	弦月菩心（1天）	弦月菩心	117	1	-1	5	0	-1	0	0
59134	寒山采晴（1天）	寒山采晴	117	1	-1	6	0	-1	0	0
59135	日月同辉（1天）	日月同辉	117	1	-1	2	0	-1	0	0
59136	感恩节_火鸡	烤火鸡	104	1	-1	1	2169	-1	0	0
59137	感恩节_称号	火鸡终结者	116	1	-1	0	90	-1	0	0
59138	10000金币	10000金币	108	1	-1	0	10000	-1	0	0
59139	50000金币	50000金币	108	1	-1	0	50000	-1	0	0
59140	500000金币	500000金币	108	1	-1	0	500000	-1	0	0
59141	感恩节_礼包	恩赐礼包	104	1	-1	1	2191	-1	0	0
59143	红马7天	汗血马	111	1	-1	2	0	-1	0	0
59144	红马永久	汗血马（永久）	111	1	-1	2	0	-1	0	0
59146	赤炎麒麟7	赤炎麒麟7	111	1	-1	2	0	-1	0	0
59147	赤炎麒麟30	赤炎麒麟30	111	1	-1	2	0	-1	0	0
59148	赤炎麒麟永久	赤炎麒麟永久	111	1	-1	2	0	-1	0	0
59149	绑定元宝100	绑定元宝100	108	1	-1	2	100	-1	0	0
59150	陆行金雕7	陆行金雕7	111	1	-1	2	0	-1	0	0
59151	陆行金雕30	陆行金雕30	111	1	-1	2	0	-1	0	0
59152	陆行金雕永久	陆行金雕永久	111	1	-1	2	0	-1	0	0
59153	天龙兄弟情	天龙兄弟情称号	116	1	-1	0	96	-1	0	0
59154	名冠天下	名冠天下称号	116	1	-1	0	97	-1	0	0
59155	恋恋相依	恋恋相依称号	116	1	-1	0	98	-1	0	0
59156	情深似海	情深似海称号	116	1	-1	0	99	-1	0	0
59157	惊鸿侠影	惊鸿侠影称号	116	1	-1	0	100	-1	0	0
59158	会员称号	独家会员称号	116	1	-1	0	85	-1	0	0
59159	会长称号	独家会长称号	116	1	-1	0	84	-1	0	0
59160	除魔卫道	除魔卫道称号	116	1	-1	0	101	-1	0	0
59161	栖霞彩凤（7日）	栖霞彩凤（7日）	111	1	-1	2	0	-1	0	0
59162	栖霞彩凤（30日）	栖霞彩凤（30日）	111	1	-1	2	0	-1	0	0
59163	栖霞彩凤（永久）	栖霞彩凤（永久）	111	1	-1	2	0	-1	0	0
59164	结婚礼包	高级结婚礼包	104	1	-1	1	2195	-1	0	0
59165	结婚马车	结婚马车	111	1	-1	2	0	-1	0	0
59169	精致的圣诞袜（圣诞礼包）	精致的圣诞袜	104	1	-1	1	2207	-1	0	0
59174	圣诞节_圣诞时装3	踏雪寻梅	117	1	-1	9	0	-1	0	0
59175	圣诞节_圣诞时装7	踏雪寻梅	117	1	-1	9	0	-1	0	0
59176	圣诞节_圣诞时装永久	踏雪寻梅	117	1	-1	9	0	-1	0	0
59177	圣诞节称号	圣诞大使称号	116	1	-1	0	102	-1	0	0
59178	圣诞宠物_雪人（白）	白滚滚	109	1	-1	29	0	-1	0	0
59179	圣诞宠物_雪人（绿）	白滚滚	109	1	-1	29	1	-1	0	0
59180	圣诞宠物_雪人（蓝）	白滚滚	109	1	-1	29	2	-1	0	0
59181	圣诞宠物_雪人（紫）	白滚滚	109	1	-1	29	3	-1	0	0
59182	圣诞宠物_雪人（橙）	白滚滚	109	1	-1	29	4	-1	0	0
59185	红马永久（30日）	汗血马	111	1	-1	2	0	-1	0	0
59186	圣诞节_个人第1名	圣诞状元礼包	104	1	-1	1	2196	-1	0	0
59187	圣诞节_个人第2名	圣诞榜眼礼包	104	1	-1	1	2197	-1	0	0
59188	圣诞节_个人第3名	圣诞探花礼包	104	1	-1	1	2198	-1	0	0
59189	圣诞节_个人第4~5名	圣诞进士礼包	104	1	-1	1	2199	-1	0	0
59190	圣诞节_个人第6~10名	圣诞会元礼包	104	1	-1	1	2200	-1	0	0
59191	圣诞节_个人第11~20名	圣诞解元礼包	104	1	-1	1	2201	-1	0	0
59192	圣诞节_个人第21~50名	圣诞举人礼包	104	1	-1	1	2202	-1	0	0
59193	圣诞节_个人第51~100名	圣诞秀才礼包	104	1	-1	1	2203	-1	0	0
59194	圣诞节_帮会第1名	圣诞首席帮会礼包	104	1	-1	1	2204	-1	0	0
59195	圣诞节_帮会第2~3名	圣诞次席帮会礼包	104	1	-1	1	2205	-1	0	0
59196	圣诞节_帮会第4~10名	圣诞列席帮会礼包	104	1	-1	1	2206	-1	0	0
59197	3级宝石礼包	3级宝石礼包	104	1	-1	1	104	-1	0	0
59198	初级轻功要诀	初级轻功要诀	129	1	-1	0	0	-1	0	0
59199	高级轻功要诀	高级轻功要诀	129	1	-1	0	0	-1	0	0
59200	火狐礼包_普通	火狐锦囊	104	1	-1	1	2210	-1	0	0
59201	火狐礼包_豪华	火狐福袋	104	1	-1	1	2211	-1	0	0
59202	凤凰礼包_豪华	凤凰福袋	104	1	-1	1	2214	-1	0	0
59203	绑定元宝500	绑定元宝500	108	1	-1	2	500	-1	0	0
59204	回流礼包	回流礼包	104	1	-1	1	2216	-1	0	0
59205	天龙（7日）	天龙（7日）	111	1	-1	2	0	-1	0	0
59206	天龙（30日）	天龙（30日）	111	1	-1	2	0	-1	0	0
59207	天龙（永久）	天龙（永久）	111	1	-1	2	0	-1	0	0
59208	美人卡片	梅剑	110	1	-1	15	0	-1	0	0
59209	美人卡片	兰剑	110	1	-1	16	0	-1	0	0
59210	美人卡片	竹剑	110	1	-1	17	0	-1	0	0
59211	美人卡片	菊剑	110	1	-1	18	0	-1	0	0
59212	美人卡片	神仙姐姐	110	1	-1	19	0	-1	0	0
59213	美人卡片	香香公主	110	1	-1	20	0	-1	0	0
59214	美人卡片	何铁手	110	1	-1	21	0	-1	0	0
59215	美人卡片	温青青	110	1	-1	22	0	-1	0	0
59224	春节_羊年年兽碎片（7天）	羊年年兽碎片	111	1	-1	2	0	-1	0	0
59225	春节_羊年年兽碎片（永久）	羊年年兽碎片	111	1	-1	2	0	-1	0	0
59226	春节_羊年礼包	羊年礼包	104	1	-1	1	2224	-1	0	0
59227	春节_三羊开泰大礼包	三羊开泰大礼包	104	1	-1	1	2225	-1	0	0
59231	情人节_巧克力蛋糕礼包	巧克力蛋糕	104	1	-1	1	2264	-1	0	0
59232	春节_羊年年兽碎片（30天）	羊年年兽碎片	111	1	-1	2	0	-1	0	0
59233	春节_春节服装（7天）	喜气洋洋	117	1	-1	10	0	-1	0	0
59234	春节_春节服装（30天）	喜气洋洋	117	1	-1	10	0	-1	0	0
59235	春节_春节服装（永久）	喜气洋洋	117	1	-1	10	0	-1	0	0
59239	情人节_巧克力礼包	沁香巧克力	104	1	-1	1	2263	-1	0	0
59246	情人节_情人节服装（7天）	心心相印	117	1	-1	11	0	-1	0	0
59247	情人节_情人节服装（30天）	心心相印	117	1	-1	11	0	-1	0	0
59248	情人节_情人节服装（永久）	心心相印	117	1	-1	11	0	-1	0	0
59278	红包称号_1	壕无人道	116	1	-1	0	103	-1	0	0
59279	红包称号_2	壕气冲天	116	1	-1	0	104	-1	0	0
59280	红包称号_3	壕情万丈	116	1	-1	0	105	-1	0	0
59281	红包称号_4	富贵散人	116	1	-1	0	106	-1	0	0
59282	红包称号_5	慷慨解囊	116	1	-1	0	107	-1	0	0
59283	红包称号_6	广结善缘	116	1	-1	0	108	-1	0	0
59284	情人节送花称号_1	玫瑰香气	116	1	-1	0	109	-1	0	0
59285	情人节送花称号_2	绝世情圣	116	1	-1	0	110	-1	0	0
59286	情人节送花称号_3	旷世情痴	116	1	-1	0	111	-1	0	0
59287	情人节送花称号_4	乱世花神	116	1	-1	0	112	-1	0	0
59288	情人节送花称号_5	散花童子	116	1	-1	0	113	-1	0	0
59289	情人节送花称号_6	护花使者	116	1	-1	0	114	-1	0	0
59290	情人节收花称号_1	倾国倾城	116	1	-1	0	115	-1	0	0
59291	情人节收花称号_2	美艳绝伦	116	1	-1	0	116	-1	0	0
59292	情人节收花称号_3	魅力无边	116	1	-1	0	117	-1	0	0
59293	情人节收花称号_4	万众瞩目	116	1	-1	0	118	-1	0	0
59294	情人节收花称号_5	人见人爱	116	1	-1	0	119	-1	0	0
59295	情人节收花称号_6	大众情人	116	1	-1	0	120	-1	0	0
59301	金币宝箱	恭喜发财	104	1	-1	1	2221	-1	0	0
59302	金币宝箱2	财源广进	104	1	-1	1	2222	-1	0	0
59303	蔚蓝彩凤（7日）	蔚蓝彩凤	111	1	-1	2	0	-1	0	0
59304	蔚蓝彩凤（30日）	蔚蓝彩凤	111	1	-1	2	0	-1	0	0
59305	蔚蓝彩凤（永久）	蔚蓝彩凤（永久）	111	1	-1	2	0	-1	0	0
59306	金色游龙（7日）	金色游龙	111	1	-1	2	0	-1	0	0
59307	金色游龙（30日）	金色游龙	111	1	-1	2	0	-1	0	0
59308	金色游龙（永久）	金色游龙（永久）	111	1	-1	2	0	-1	0	0
59309	五星好评礼包	五星好评礼包	104	1	-1	1	2223	-1	0	0
59237	情人节_红玫瑰(邮件）	收获的红玫瑰	130	2	-1	0	0	0	0	0
59313	合服补偿礼包		104	1	-1	1	2331	-1	0	0
59314	合服帮会补偿礼包		104	1	-1	1	2332	-1	0	0
59315	合服师门补偿礼包		104	1	-1	1	2333	-1	0	0
59316	【废弃】VIP宠物_天龙	天龙	109	1	-1	33	5	-1	0	0
59317	【废弃】VIP宠物_萧峰	萧峰	109	1	-1	34	5	-1	0	0
59320	紫色伙伴技能书宝箱	紫色技能书宝箱	104	1	-1	1	2217	-1	0	0
59321	春节_个人第1名	春节状元礼包	104	1	-1	1	2255	-1	0	0
59322	春节_个人第2名	春节榜眼礼包	104	1	-1	1	2256	-1	0	0
59323	春节_个人第3名	春节探花礼包	104	1	-1	1	2257	-1	0	0
59324	春节_个人第4~5名	春节进士礼包	104	1	-1	1	2258	-1	0	0
59325	春节_个人第6~10名	春节会元礼包	104	1	-1	1	2259	-1	0	0
59326	春节_个人第11~20名	春节解元礼包	104	1	-1	1	2260	-1	0	0
59327	春节_个人第21~50名	春节举人礼包	104	1	-1	1	2261	-1	0	0
59328	春节_个人第51~100名	春节秀才礼包	104	1	-1	1	2262	-1	0	0
59329	队长礼包	队长礼包	104	1	-1	1	2270	-1	0	0
59330	情人节_送花第1名	情人节送花状元礼包	104	1	-1	1	2309	-1	0	0
59331	情人节_送花第2名	情人节送花榜眼礼包	104	1	-1	1	2310	-1	0	0
59332	情人节_送花第3名	情人节送花探花礼包	104	1	-1	1	2311	-1	0	0
59333	情人节_送花第4~5名	情人节送花进士礼包	104	1	-1	1	2312	-1	0	0
59334	情人节_送花第6~10名	情人节送花会元礼包	104	1	-1	1	2313	-1	0	0
59335	情人节_送花第11~20名	情人节送花解元礼包	104	1	-1	1	2314	-1	0	0
59336	情人节_送花第21~50名	情人节送花举人礼包	104	1	-1	1	2315	-1	0	0
59337	情人节_收花第1名	情人节收花状元礼包	104	1	-1	1	2316	-1	0	0
59338	情人节_收花第2名	情人节收花榜眼礼包	104	1	-1	1	2317	-1	0	0
59339	情人节_收花第3名	情人节收花探花礼包	104	1	-1	1	2318	-1	0	0
59340	情人节_收花第4~5名	情人节收花进士礼包	104	1	-1	1	2319	-1	0	0
59341	情人节_收花第6~10名	情人节收花会元礼包	104	1	-1	1	2320	-1	0	0
59342	情人节_收花第11~20名	情人节收花解元礼包	104	1	-1	1	2321	-1	0	0
59343	情人节_收花第21~50名	情人节收花举人礼包	104	1	-1	1	2322	-1	0	0
59344	春节_拜年礼包	拜年大礼包	104	1	-1	1	2323	-1	0	0
59345	春节_元宵礼包	元宵大礼包	104	1	-1	1	2324	-1	0	0
59346	绑定元宝666	666元宝	108	1	-1	2	666	-1	0	0
59347	绑定元宝88	88元宝	108	1	-1	2	88	-1	0	0
59348	2000000金币	2000000金币	108	1	-1	0	2000000	-1	0	0
59349	1500000金币	1500000金币	108	1	-1	0	1500000	-1	0	0
59350	200000金币	200000金币	108	1	-1	0	200000	-1	0	0
59353	资料片二回流礼包	回流礼包	104	1	-1	1	2341	-1	0	0
59354	V9羊年礼包	V9羊年礼包	132	1	-1	-1	-1	-1	0	0
59355	V10羊年礼包	V10羊年礼包	132	1	-1	-1	-1	-1	0	0
59356	V11羊年礼包	V11羊年礼包	132	1	-1	-1	-1	-1	0	0
59357	V12羊年礼包	V12羊年礼包	132	1	-1	-1	-1	-1	0	0
59358	V13羊年礼包	V13羊年礼包	132	1	-1	-1	-1	-1	0	0
59359	V14羊年礼包	V14羊年礼包	132	1	-1	-1	-1	-1	0	0
59360	V15羊年礼包	V15羊年礼包	132	1	-1	-1	-1	-1	0	0
59361	10级大礼包	10级大礼包	131	1	-1	-1	-1	-1	0	0
59362	20级大礼包	20级大礼包	131	1	-1	-1	-1	-1	0	0
59363	30级大礼包	30级大礼包	131	1	-1	-1	-1	-1	0	0
59364	40级大礼包	40级大礼包	131	1	-1	-1	-1	-1	0	0
59365	50级大礼包	50级大礼包	131	1	-1	-1	-1	-1	0	0
59366	60级大礼包	60级大礼包	131	1	-1	-1	-1	-1	0	0
59367	70级大礼包	70级大礼包	131	1	-1	-1	-1	-1	0	0
59368	80级大礼包	80级大礼包	131	1	-1	-1	-1	-1	0	0
59369	90级大礼包	90级大礼包	131	1	-1	-1	-1	-1	0	0
59370	100级大礼包	100级大礼包	131	1	-1	-1	-1	-1	0	0
59371	台湾版需求礼包	春节大红包	104	1	-1	1	2342	-1	0	0
59372	台湾版需求礼包	姻缘锦礼	104	1	-1	1	2343	-1	0	0
59373	台湾版需求礼包	元宵佳礼	104	1	-1	1	2344	-1	0	0
59375	坐骑狼（7日）	红焰菱狼	111	1	-1	2	0	-1	0	0
59376	坐骑狼（30日）	红焰菱狼	111	1	-1	2	0	-1	0	0
59377	坐骑狼（永久）	红焰菱狼	111	1	-1	2	0	-1	0	0
59382	竹剑美人礼包	竹韵清雅福袋	104	1	-1	2	-1	-1	0	0
59389	滑板永久	滑板(永久)	111	1	-1	2	0	-1	0	0
59390	摩托车永久	摩托车(永久)	111	1	-1	1	0	-1	0	0
70001	魅力榜-一束鲜花	一束鲜花	134	1	-1	0	0	0	0	0
70002	魅力榜-小捧鲜花	小捧鲜花	134	1	-1	0	0	0	0	0
70003	魅力榜-大捧鲜花	大捧鲜花	134	1	-1	0	0	0	0	0
70004	魅力榜-一颗鸡蛋	一颗鸡蛋	134	1	-1	0	0	0	0	0
70005	魅力榜-小筐鸡蛋	小筐鸡蛋	134	1	-1	0	0	0	0	0
70006	魅力榜-大筐鸡蛋	大筐鸡蛋	134	1	-1	0	0	0	0	0
70007	魅力榜-魅力值	魅力值	133	1	-1	0	0	0	0	0
70008	魅力榜-橙色称号	风流倜傥	116	1	-1	0	126	-1	0	0
70009	魅力榜-紫色称号1	民倾六辅	116	1	-1	0	127	-1	0	0
70010	魅力榜-紫色称号2	一表非凡	116	1	-1	0	128	-1	0	0
70011	魅力榜-蓝色称号	气宇轩昂	116	1	-1	0	129	-1	0	0
70012	魅力榜-绿色称号	风度翩翩	116	1	-1	0	130	-1	0	0
70013	喇叭榜-橙色称号	语惊四座	116	1	-1	0	131	-1	0	0
70014	喇叭榜-紫色称号1	妙语连珠	116	1	-1	0	132	-1	0	0
70015	喇叭榜-紫色称号2	侃侃而谈	116	1	-1	0	133	-1	0	0
70016	喇叭榜-蓝色称号	口若悬河	116	1	-1	0	134	-1	0	0
70017	喇叭榜-绿色称号	能说会道	116	1	-1	0	135	-1	0	0
59379	守卫雁门关掉落称号	昭武校尉名牌（14天）	116	1	-1	0	136	-1	0	0
59380	守卫雁门关掉落称号	明威将军名牌（14天）	116	1	-1	0	137	-1	0	0
59381	守卫雁门关掉落称号	镇国大将军名牌（14天）	116	1	-1	0	138	-1	0	0
59383	充值榜称号	财运亨通	116	1	-1	0	67	-1	0	0
59384	充值榜称号	堆金迭玉	116	1	-1	0	68	-1	0	0
59385	充值榜称号	玉宇琼楼	116	1	-1	0	69	-1	0	0
59386	充值榜称号	富而好施	116	1	-1	0	70	-1	0	0
59387	充值榜称号	积善成德	116	1	-1	0	71	-1	0	0
59388	副本钥匙（雁门关）	副本钥匙（雁门关）	121	1	-1	41	1	-1	0	0
70018	推荐礼包	英雄辈出礼包	104	1	-1	1	2545	-1	0	0
70019	50级回馈礼包	50级推荐礼包	104	1	-1	1	2546	-1	0	0
70020	60级回馈礼包	60级推荐礼包	104	1	-1	1	2547	-1	0	0
70021	70级回馈礼包	70级推荐礼包	104	1	-1	1	2548	-1	0	0
70022	80级回馈礼包	80级推荐礼包	104	1	-1	1	2549	-1	0	0
70023	聚义礼包	聚义一堂礼包	104	1	-1	1	2550	-1	0	0
70024	聚义1次礼包	聚义1次礼包	104	1	-1	1	2551	-1	0	0
70025	聚义3次礼包	聚义3次礼包	104	1	-1	1	2552	-1	0	0
70026	聚义6次礼包	聚义6次礼包	104	1	-1	1	2553	-1	0	0
70027	聚义10次礼包	聚义10次礼包	104	1	-1	1	2554	-1	0	0
70028	聚义15次礼包	聚义15次礼包	104	1	-1	1	2555	-1	0	0
70029	聚义令	聚义令	135	0	-1	0	0	0	0	0
70031	回流活动专属坐骑	玉狮子（7天）	111	1	-1	2	0	-1	0	0
70032	回流活动专属坐骑	玉狮子（30天）	111	1	-1	2	0	-1	0	0
70033	回流活动专属坐骑	玉狮子（永久）	111	1	-1	2	0	-1	0	0
70034	共战每日任务完成奖励礼包	每日共战任务礼包	104	1	-1	1	2617	-1	0	0
70035	聚义一堂称号	群龙聚首	116	1	-1	0	139	-1	0	0
70054	绑定元宝200	绑定元宝200	108	1	-1	2	200	-1	0	0
70055	绑定元宝300	绑定元宝300	108	1	-1	2	300	-1	0	0
70067	少林100级VIP橙色武器礼包	少林·降龙宝箱	104	1	-1	1	2698	-1	0	0
70068	天山100级VIP橙色武器礼包	天山·降龙宝箱	104	1	-1	1	2699	-1	0	0
70069	逍遥100级VIP橙色武器礼包	逍遥·降龙宝箱	104	1	-1	1	2700	-1	0	0
70070	大理100级VIP橙色武器礼包	大理·降龙宝箱	104	1	-1	1	2701	-1	0	0
70071	丐帮100级VIP橙色武器礼包	丐帮·降龙宝箱	104	1	-1	1	2702	-1	0	0
70072	少林100级VIP橙色上衣礼包	少林·降龙衣宝箱	104	1	-1	1	2703	-1	0	0
70073	天山100级VIP橙色上衣礼包	天山·降龙衣宝箱	104	1	-1	1	2704	-1	0	0
70074	逍遥100级VIP橙色上衣礼包	逍遥·降龙衣宝箱	104	1	-1	1	2705	-1	0	0
70075	大理100级VIP橙色上衣礼包	大理·降龙衣宝箱	104	1	-1	1	2706	-1	0	0
70076	丐帮100级VIP橙色上衣礼包	丐帮·降龙衣宝箱	104	1	-1	1	2707	-1	0	0
70077	少林100级VIP橙色裤子礼包	少林·降龙裤宝箱	104	1	-1	1	2708	-1	0	0
70078	天山100级VIP橙色裤子礼包	天山·降龙裤宝箱	104	1	-1	1	2709	-1	0	0
70079	逍遥100级VIP橙色裤子礼包	逍遥·降龙裤宝箱	104	1	-1	1	2710	-1	0	0
70080	大理100级VIP橙色裤子礼包	大理·降龙裤宝箱	104	1	-1	1	2711	-1	0	0
70081	丐帮100级VIP橙色裤子礼包	丐帮·降龙裤宝箱	104	1	-1	1	2712	-1	0	0
70082	少林100级VIP橙色项链礼包	少林·降龙吊坠宝箱	104	1	-1	1	2713	-1	0	0
70083	天山100级VIP橙色项链礼包	天山·降龙吊坠宝箱	104	1	-1	1	2714	-1	0	0
70084	逍遥100级VIP橙色项链礼包	逍遥·降龙吊坠宝箱	104	1	-1	1	2715	-1	0	0
70085	大理100级VIP橙色项链礼包	大理·降龙吊坠宝箱	104	1	-1	1	2716	-1	0	0
70086	丐帮100级VIP橙色项链礼包	丐帮·降龙吊坠宝箱	104	1	-1	1	2717	-1	0	0
71003	吉尔伽美什翅膀	吉尔伽美什翅膀	5000	1	-1	1	2	-1	0	0
71004	银月天使翅膀	银月天使翅膀	5000	1	-1	1	3	-1	0	0
71002	测试用宠物蛋	宠物蛋	137	1	-1	-1	1	-1	0	0
72001	双剑士时装白	双剑士时装白	117	1	-1	0	0	-1	0	0
72002	双剑士时装黑	双剑士时装黑	117	1	-1	1	0	-1	0	0
110002	双剑士双剑乱舞	双剑乱舞技能书	136	1	-1	126001	-1	-1	-1	24
110003	双剑士龙卷风暴	龙卷风暴技能书	136	1	-1	127001	-1	-1	-1	23
110004	双剑士剑刃风暴	剑刃风暴技能书	136	1	-1	112001	-1	-1	-1	23
120001	双剑士变1	罗刹冲击技能书	136	1	-1	123001	-1	-1	-1	25
120002	双剑士百裂拳	百裂拳技能书	136	1	-1	124001	-1	-1	-1	23
120003	双剑士修罗之怒	修罗之怒技能书	136	1	-1	125001	-1	-1	-1	23
130001	狂战士狂怒	狂怒技能书	136	1	-1	217001	-1	-1	-1	24
130003	狂战士旋风斩	旋风斩技能书	136	1	-1	218001	-1	-1	-1	23
130004	狂战士血之盾	血之盾技能书	136	1	-1	212001	-1	-1	-1	23
140001	狂战士舍命一击	舍命一击技能书	136	1	-1	216001	-1	-1	-1	25
140003	狂战士天崩地裂	天崩地裂技能书	136	1	-1	219001	-1	-1	-1	23
140004	狂战士舍命一击	舍命一击技能书	136	1	-1	220001	-1	-1	-1	23
150001	魔导师暴风龙卷	暴风龙卷技能书	136	1	-1	313001	-1	-1	-1	24
150003	魔导师熔岩巨龙	熔岩巨龙技能书	136	1	-1	309001	-1	-1	-1	23
150004	流星风暴	流星风暴技能书	136	1	-1	314001	-1	-1	-1	23
160001	魔导师静默立场	静默立场技能书	136	1	-1	312001	-1	-1	-1	25
160002	魔导师冰霜轰爆	冰霜轰爆技能书	136	1	-1	315001	-1	-1	-1	23
160003	魔导师制裁之雷	制裁之雷	136	1	-1	316001	-1	-1	-1	23
2000	40级戒指打造图	40级戒指打造图	99999	1	-1	0	0	-1	-1	"20,21"
2001	60级戒指打造图	60级戒指打造图	99999	1	-1	0	0	-1	-1	"20,21"
2002	80级戒指打造图	80级戒指打造图	99999	1	-1	0	0	-1	-1	"20,21"
2003	100级戒指打造图	100级戒指打造图	99999	1	-1	0	0	-1	-1	"20,21"
2004	110级戒指打造图	110级戒指打造图	99999	1	-1	0	0	-1	-1	"20,21"
2005	120级戒指打造图	120级戒指打造图	99999	1	-1	0	0	-1	-1	"20,21"
2006	40级耳环打造图	40级耳环打造图	99999	1	-1	0	0	-1	-1	"20,21"
2007	60级耳环打造图	60级耳环打造图	99999	1	-1	0	0	-1	-1	"20,21"
2008	80级耳环打造图	80级耳环打造图	99999	1	-1	0	0	-1	-1	"20,21"
2009	100级耳环打造图	100级耳环打造图	99999	1	-1	0	0	-1	-1	"20,21"
2010	110级耳环打造图	110级耳环打造图	99999	1	-1	0	0	-1	-1	"20,21"
2011	120级耳环打造图	120级耳环打造图	99999	1	-1	0	0	-1	-1	"20,21"
2012	一级合金	一级合金	99999	1	-1	0	0	-1	-1	"19,20"
2013	二级合金	二级合金	99999	1	-1	0	0	-1	-1	"19,20"
2014	三级合金	三级合金	99999	1	-1	0	0	-1	-1	"19,20"
2015	四级合金	四级合金	99999	1	-1	0	0	-1	-1	"19,20"
2016	五级合金	五级合金	99999	1	-1	0	0	-1	-1	"19,20"
2017	六级合金	六级合金	99999	1	-1	0	0	-1	-1	"19,20"
2018	七级合金	七级合金	99999	1	-1	0	0	-1	-1	"19,20"
2019	八级合金	八级合金	99999	1	-1	0	0	-1	-1	"19,20"
2020	九级合金	九级合金	99999	1	-1	0	0	-1	-1	"19,20"
2021	一级魔晶	一级魔晶	99999	1	-1	0	0	-1	-1	"19,20"
2022	二级魔晶	二级魔晶	99999	1	-1	0	0	-1	-1	"19,20"
2023	三级魔晶	三级魔晶	99999	1	-1	0	0	-1	-1	"19,20"
2024	四级魔晶	四级魔晶	99999	1	-1	0	0	-1	-1	"19,20"
2025	五级魔晶	五级魔晶	99999	1	-1	0	0	-1	-1	"19,20"
2026	六级魔晶	六级魔晶	99999	1	-1	0	0	-1	-1	"19,20"
2027	七级魔晶	七级魔晶	99999	1	-1	0	0	-1	-1	"19,20"
2028	八级魔晶	八级魔晶	99999	1	-1	0	0	-1	-1	"19,20"
2029	九级魔晶	九级魔晶	99999	1	-1	0	0	-1	-1	"19,20"
2030	一级维生素	一级维生素	99999	1	-1	0	0	-1	-1	"19,20"
2031	二级维生素	二级维生素	99999	1	-1	0	0	-1	-1	"19,20"
2032	三级维生素	三级维生素	99999	1	-1	0	0	-1	-1	"19,20"
2033	四级维生素	四级维生素	99999	1	-1	0	0	-1	-1	"19,20"
2034	五级维生素	五级维生素	99999	1	-1	0	0	-1	-1	"19,20"
2035	六级维生素	六级维生素	99999	1	-1	0	0	-1	-1	"19,20"
2036	七级维生素	七级维生素	99999	1	-1	0	0	-1	-1	"19,20"
2037	八级维生素	八级维生素	99999	1	-1	0	0	-1	-1	"19,20"
2038	九级维生素	九级维生素	99999	1	-1	0	0	-1	-1	"19,20"
2039	50级增幅剂配方	50级增幅剂配方	99999	1	-1	0	0	-1	-1	"19,20"
2040	70级增幅剂配方	70级增幅剂配方	99999	1	-1	0	0	-1	-1	"19,20"
2041	90级增幅剂配方	90级增幅剂配方	99999	1	-1	0	0	-1	-1	"19,20"
2042	100级增幅剂配方	100级增幅剂配方	99999	1	-1	0	0	-1	-1	"19,20"
2043	110级增幅剂配方	110级增幅剂配方	99999	1	-1	0	0	-1	-1	"19,20"
2044	120级增幅剂配方	120级增幅剂配方	99999	1	-1	0	0	-1	-1	"19,20"
73001	狗宝宝宠物蛋	狗宝宝宠物蛋	137	1	-1	0	-1	-1	-1	-1
73002	丛林野猪宝宝宠物蛋	丛林野猪宝宝宠物蛋	137	1	-1	14	-1	-1	-1	-1
73003	搬箱鼠宝宝宠物蛋	搬箱鼠宝宝宠物蛋	137	1	-1	122	-1	-1	-1	-1
73004	挖煤工宝宝宠物蛋	挖煤工宝宝宠物蛋	137	1	-1	28	-1	-1	-1	-1
73005	紫糯米宝宝宠物蛋	紫糯米宝宝宠物蛋	137	1	-1	86	-1	-1	-1	-1
73006	安吉拉宝宝宠物蛋	安吉拉宝宝宠物蛋	137	1	-1	134	-1	-1	-1	-1
73007	机器人宝宝宠物蛋	机器人宝宝宠物蛋	137	1	-1	40	-1	-1	-1	-1
73008	骷髅宝宝宠物蛋	骷髅宝宝宠物蛋	137	1	-1	98	-1	-1	-1	-1
73009	顶角豹宝宝宠物蛋	顶角豹宝宝宠物蛋	137	1	-1	172	-1	-1	-1	-1
73010	白光虎宝宝宠物蛋	白光虎宝宝宠物蛋	137	1	-1	16	-1	-1	-1	-1
73011	德拉卡宝宝宠物蛋	德拉卡宝宝宠物蛋	137	1	-1	52	-1	-1	-1	-1
73012	德比鲁宝宝宠物蛋	德比鲁宝宝宠物蛋	137	1	-1	146	-1	-1	-1	-1
73013	成年狗宠物蛋	成年狗宠物蛋	137	1	-1	1	2	-1	-1	-1
73014	成年野猪宠物蛋	成年野猪宠物蛋	137	1	-1	15	3	-1	-1	-1
73015	成年搬箱鼠宠物蛋	成年搬箱鼠宠物蛋	137	1	-1	123	4	-1	-1	-1
73016	成年挖煤工宠物蛋	成年挖煤工宠物蛋	137	1	-1	29	5	-1	-1	-1
73017	成年紫糯米宠物蛋	成年紫糯米宠物蛋	137	1	-1	87	6	-1	-1	-1
73018	成年安吉拉宠物蛋	成年安吉拉宠物蛋	137	1	-1	135	7	-1	-1	-1
73019	成年机器人宠物蛋	成年机器人宠物蛋	137	1	-1	41	8	-1	-1	-1
73020	成年骷髅宠物蛋	成年骷髅宠物蛋	137	1	-1	99	9	-1	-1	-1
73021	成年顶角豹宠物蛋	成年顶角豹宠物蛋	137	1	-1	173	10	-1	-1	-1
73022	成年白光虎宠物蛋	成年白光虎宠物蛋	137	1	-1	17	11	-1	-1	-1
73023	成年德拉卡宠物蛋	成年德拉卡宠物蛋	137	1	-1	53	12	-1	-1	-1
73024	成年德比鲁宠物蛋	成年德比鲁宠物蛋	137	1	-1	147	13	-1	-1	-1
80001	VIP1道具	VIP执照（1级）	103	1	-1	5	1	-1	0	0
80002	VIP2道具	VIP执照（2级）	103	1	-1	5	6	-1	0	0
80003	VIP3道具	VIP执照（3级）	103	1	-1	5	30	-1	0	0
80004	VIP4道具	VIP执照（4级）	103	1	-1	5	60	-1	0	0
80005	VIP5道具	VIP执照（5级）	103	1	-1	5	100	-1	0	0
80006	VIP6道具	VIP执照（6级）	103	1	-1	5	200	-1	0	0
80007	VIP7道具	VIP执照（7级）	103	1	-1	5	500	-1	0	0
80008	VIP8道具	VIP执照（8级）	103	1	-1	5	1000	-1	0	0
80009	VIP9道具	VIP执照（9级）	103	1	-1	5	2000	-1	0	0
80010	VIP10道具	VIP执照（10级）	103	1	-1	5	5000	-1	0	0
80011	VIP11道具	VIP执照（11级）	103	1	-1	5	10000	-1	0	0
80012	VIP12道具	VIP执照（12级）	103	1	-1	5	20000	-1	0	0
80013	VIP13道具	VIP执照（13级）	103	1	-1	5	50000	-1	0	0
80014	VIP14道具	VIP执照（14级）	103	1	-1	5	100000	-1	0	0
80015	VIP15道具	VIP执照（15级）	103	1	-1	5	200000	-1	0	0
